 0
 0
 0
 0
 0
 0
 0
 0
 0
 0
 0
 0
 0
 0
 0
 0
 0
 0
 0
 0
 0
 0
 0
 0
 0
 0
 0
 0
 0
 0
 0
 0
 0
 0
 0
 0
 0
 0
 0
 0
 0
 0
 0
 0
 0
 0
 0
 0
 0
 0
 0
 0
 0
 0
 0
 0
 0
 0
 0
 0
 0
 0
 0
 0
 0
 0
 0
 0
 0
 0
 0
 0
 0
 0
 0
 0
 0
 0
 0
 0
 0
 0
 0
 0
 0
 0
 0
 0
 0
 0
 0
 0
 0
 0
 0
 0
 0
 0
 0
 0
 0
 0
 0
 0
 0
 0
 0
 0
 0
 0
 0
 0
 0
 0
 0
 0
 0
 0
 0
 0
 0
 0
 0
 0
 0
 0
 0
 0
 0
 0
 0
 0
 0
 0
 0
 0
 0
 0
 0
 0
 0
 0
 0
 0
 0
 0
 0
 0
 0
 0
 0
 0
 0
 0
 0
 0
 0
 0
 0
 0
 0
 0
 0
 0
 0
 0
 0
 0
 0
 0
 0
 0
 0
 0
 0
 0
 0
 0
 0
 0
 0
 0
 0
 0
 0
 0
 0
 0
 0
 0
 0
 0
 0
 0
 0
 0
 0
 0
 0
 0
 0
 0
 0
 0
 0
 0
 0
 0
 0
 0
 0
 0
 0
 0
 0
 0
 0
 0
 0
 0
 0
 0
 0
 0
 0
 0
 0
 0
 0
 0
 5
 6
 6
 6
 8
 8
 8
 8
 9
 10
 10
 11
 11
 11
 12
 12
 12
 13
 13
 13
 14
 14
 14
 14
 14
 14
 15
 15
 15
 16
 17
 17
 18
 18
 19
 20
 20
 20
 20
 21
 22
 22
 23
 23
 23
 23
 24
 25
 25
 25
 25
 25
 26
 27
 27
 28
 28
 29
 29
 29
 30
 31
 31
 31
 31
 32
 32
 32
 33
 33
 33
 33
 33
 33
 33
 33
 33
 33
 34
 34
 35
 35
 36
 36
 36
 36
 36
 37
 37
 37
 39
 39
 39
 39
 39
 39
 40
 41
 41
 42
 42
 42
 43
 43
 43
 44
 44
 44
 44
 44
 45
 45
 45
 45
 46
 46
 46
 47
 47
 47
 47
 47
 48
 48
 48
 48
 48
 48
 49
 50
 52
 53
 53
 53
 54
 54
 55
 55
 55
 56
 56
 56
 57
 58
 58
 58
 58
 58
 59
 59
 59
 59
 60
 60
 60
 61
 61
 62
 62
 63
 63
 63
 63
 64
 64
 64
 65
 65
 65
 66
 66
 67
 67
 68
 68
 68
 69
 69
 70
 70
 70
 71
 72
 73
 73
 73
 73
 73
 74
 74
 75
 75
 76
 76
 77
 78
 79
 79
 80
 81
 82
 82
 83
 84
 84
 84
 85
 86
 87
 87
 88
 88
 88
 88
 88
 89
 90
 90
 90
 91
 91
 91
 92
 93
 93
 94
 96
 96
 98
 98
 98
 98
 100
 101
 102
 102
 102
 102
 102
 102
 102
 103
 103
 104
 104
 104
 105
 106
 106
 106
 107
 107
 107
 107
 108
 108
 109
 109
 109
 109
 111
 111
 111
 111
 111
 113
 113
 113
 113
 113
 114
 115
 116
 116
 116
 117
 119
 120
 120
 121
 121
 122
 122
 123
 123
 124
 124
 124
 124
 126
 127
 127
 127
 127
 127
 128
 128
 128
 129
 129
 129
 130
 130
 134
 135
 136
 136
 137
 137
 138
 138
 139
 140
 142
 142
 142
 142
 144
 145
 145
 145
 145
 146
 147
 147
 148
 148
 148
 148
 150
 150
 150
 150
 150
 152
 152
 152
 152
 153
 153
 154
 154
 155
 156
 156
 156
 157
 158
 158
 158
 158
 158
 158
 159
 159
 160
 160
 161
 162
 162
 163
 163
 163
 163
 163
 164
 165
 165
 165
 166
 166
 167
 167
 167
 167
 168
 168
 168
 170
 170
 171
 171
 172
 173
 174
 174
 176
 176
 176
 178
 178
 179
 179
 180
 180
 181
 181
 181
 181
 181
 182
 183
 183
 185
 185
 185
 186
 186
 186
 189
 189
 189
 190
 192
 192
 193
 193
 193
 193
 193
 194
 196
 196
 196
 197
 197
 197
 197
 198
 198
 199
 200
 201
 201
 201
 202
 203
 203
 203
 203
 204
 204
 204
 204
 205
 205
 205
 207
 207
 208
 208
 208
 209
 211
 211
 212
 212
 213
 213
 215
 215
 217
 217
 218
 218
 218
 219
 219
 220
 221
 221
 221
 224
 225
 225
 227
 227
 227
 227
 227
 228
 228
 229
 229
 230
 230
 231
 231
 234
 236
 237
 237
 238
 238
 239
 239
 240
 240
 241
 242
 243
 243
 244
 244
 244
 244
 246
 247
 247
 248
 248
 250
 250
 250
 250
 251
 251
 252
 253
 254
 254
 255
 256
 257
 257
 257
 258
 258
 258
 259
 259
 259
 259
 259
 260
 261
 261
 263
 263
 265
 265
 266
 267
 267
 269
 269
 269
 270
 271
 271
 271
 272
 272
 273
 275
 276
 277
 277
 279
 279
 279
 280
 281
 282
 283
 283
 284
 287
 287
 288
 288
 288
 289
 290
 291
 291
 292
 293
 294
 296
 296
 296
 297
 297
 298
 298
 298
 302
 302
 302
 303
 303
 303
 303
 303
 304
 304
 305
 305
 306
 306
 306
 309
 309
 309
 310
 310
 310
 311
 312
 312
 312
 313
 314
 314
 315
 317
 317
 318
 318
 319
 319
 319
 321
 321
 324
 324
 324
 324
 324
 324
 324
 325
 325
 326
 326
 326
 327
 327
 328
 329
 329
 330
 330
 330
 331
 332
 333
 333
 334
 334
 334
 334
 335
 336
 336
 336
 336
 337
 337
 337
 338
 339
 339
 339
 341
 342
 343
 343
 344
 344
 344
 345
 345
 345
 345
 345
 345
 346
 346
 346
 348
 348
 349
 349
 349
 350
 350
 350
 351
 352
 352
 353
 355
 355
 356
 356
 358
 359
 359
 359
 361
 362
 362
 363
 364
 364
 364
 365
 366
 366
 366
 367
 367
 367
 369
 370
 370
 371
 371
 372
 372
 373
 374
 374
 375
 375
 376
 377
 378
 379
 379
 380
 380
 380
 380
 380
 381
 381
 382
 383
 383
 384
 385
 387
 387
 387
 388
 389
 389
 390
 391
 392
 392
 393
 394
 395
 396
 397
 397
 397
 398
 398
 398
 399
 401
 401
 401
 402
 403
 404
 404
 405
 405
 406
 406
 408
 408
 409
 409
 409
 410
 410
 410
 412
 413
 414
 414
 415
 415
 416
 416
 417
 418
 418
 420
 420
 422
 423
 425
 426
 428
 429
 430
 430
 431
 433
 434
 434
 434
 434
 434
 435
 435
 436
 437
 437
 438
 439
 439
 440
 440
 441
 441
 442
 443
 443
 444
 445
 445
 445
 447
 447
 448
 449
 449
 449
 450
 450
 450
 451
 451
 451
 452
 452
 455
 455
 455
 456
 456
 456
 458
 458
 458
 458
 459
 459
 460
 461
 461
 462
 462
 464
 464
 464
 464
 464
 465
 465
 466
 466
 468
 468
 470
 470
 470
 472
 472
 472
 473
 474
 474
 474
 475
 475
 475
 475
 475
 476
 476
 477
 477
 478
 478
 478
 478
 478
 478
 479
 479
 479
 481
 481
 482
 483
 484
 486
 486
 486
 488
 488
 488
 489
 489
 489
 490
 490
 490
 492
 493
 493
 493
 494
 494
 495
 495
 495
 495
 496
 496
 498
 498
 499
 499
 499
 501
 502
 502
 503
 503
 506
 506
 507
 507
 508
 508
 509
 510
 510
 512
 513
 515
 515
 516
 516
 517
 518
 518
 518
 521
 521
 521
 522
 522
 522
 524
 525
 526
 527
 527
 527
 527
 527
 528
 528
 529
 530
 531
 531
 532
 533
 534
 534
 536
 536
 537
 537
 538
 538
 538
 540
 540
 540
 543
 543
 544
 545
 545
 546
 546
 547
 548
 548
 549
 552
 552
 553
 553
 553
 554
 554
 555
 555
 556
 557
 558
 558
 559
 559
 560
 560
 560
 562
 562
 562
 562
 564
 565
 565
 565
 567
 568
 568
 568
 568
 568
 569
 569
 570
 570
 571
 572
 572
 572
 573
 573
 573
 576
 576
 576
 577
 579
 581
 581
 581
 583
 584
 587
 587
 588
 588
 590
 590
 591
 591
 592
 592
 593
 594
 594
 595
 596
 596
 597
 597
 597
 601
 602
 603
 604
 604
 605
 606
 606
 606
 606
 609
 609
 609
 611
 611
 611
 614
 615
 616
 616
 616
 617
 618
 619
 619
 620
 620
 620
 620
 620
 622
 623
 626
 626
 627
 628
 629
 631
 631
 631
 631
 633
 633
 634
 634
 634
 635
 637
 637
 638
 638
 640
 640
 640
 640
 641
 641
 641
 642
 643
 643
 644
 645
 646
 646
 647
 647
 648
 648
 648
 649
 649
 650
 650
 650
 651
 652
 652
 653
 655
 656
 656
 656
 657
 658
 658
 659
 662
 662
 662
 663
 664
 664
 664
 664
 665
 665
 665
 666
 666
 667
 668
 668
 669
 669
 670
 671
 671
 671
 672
 673
 673
 673
 674
 679
 680
 680
 681
 681
 682
 683
 683
 683
 684
 684
 684
 684
 684
 687
 687
 688
 691
 692
 693
 695
 695
 695
 698
 698
 698
 699
 699
 700
 701
 702
 702
 704
 704
 706
 707
 708
 708
 708
 709
 709
 709
 710
 711
 711
 711
 712
 714
 715
 715
 716
 716
 716
 716
 717
 717
 719
 719
 719
 720
 720
 720
 721
 721
 722
 722
 722
 724
 724
 724
 724
 726
 727
 728
 728
 729
 729
 730
 730
 731
 731
 731
 731
 732
 732
 733
 733
 734
 734
 736
 737
 738
 739
 739
 740
 740
 740
 741
 741
 746
 747
 748
 748
 748
 753
 754
 755
 756
 756
 756
 757
 757
 759
 759
 759
 761
 763
 763
 766
 767
 768
 770
 771
 772
 773
 774
 774
 776
 776
 778
 780
 782
 783
 783
 784
 784
 786
 786
 788
 788
 788
 788
 789
 790
 791
 792
 792
 794
 794
 795
 797
 797
 798
 799
 800
 801
 802
 802
 802
 804
 805
 805
 806
 808
 809
 809
 809
 811
 811
 812
 812
 813
 814
 814
 814
 814
 815
 817
 818
 818
 819
 820
 821
 822
 822
 824
 824
 824
 825
 825
 826
 828
 829
 829
 830
 833
 834
 836
 837
 838
 839
 840
 840
 840
 843
 843
 843
 844
 845
 845
 847
 848
 848
 851
 851
 851
 853
 853
 854
 855
 855
 856
 856
 856
 856
 859
 859
 860
 863
 863
 863
 865
 866
 866
 869
 870
 870
 870
 871
 871
 873
 875
 877
 877
 878
 879
 879
 880
 881
 881
 881
 883
 884
 886
 886
 886
 887
 888
 889
 891
 891
 892
 893
 893
 893
 894
 895
 898
 898
 899
 899
 899
 900
 902
 902
 903
 904
 904
 904
 905
 907
 908
 909
 909
 909
 910
 910
 912
 913
 914
 915
 915
 916
 917
 917
 918
 918
 923
 923
 923
 924
 925
 925
 925
 926
 926
 926
 927
 927
 928
 928
 930
 931
 932
 934
 934
 936
 937
 938
 938
 938
 939
 939
 939
 939
 941
 945
 946
 946
 948
 948
 949
 949
 950
 951
 951
 951
 952
 952
 955
 955
 957
 959
 961
 963
 964
 965
 965
 966
 966
 968
 968
 969
 970
 970
 972
 975
 976
 976
 978
 980
 983
 983
 983
 985
 986
 989
 989
 990
 991
 991
 992
 993
 993
 994
 995
 995
 996
 997
 997
 997
 999
 1001
 1002
 1003
 1003
 1003
 1003
 1004
 1005
 1006
 1010
 1011
 1011
 1011
 1011
 1012
 1012
 1013
 1014
 1014
 1015
 1015
 1016
 1017
 1017
 1018
 1019
 1019
 1020
 1021
 1021
 1022
 1023
 1023
 1024
 1024
 1025
 1028
 1028
 1028
 1029
 1030
 1030
 1033
 1034
 1034
 1034
 1035
 1035
 1037
 1037
 1038
 1039
 1040
 1040
 1041
 1041
 1043
 1043
 1045
 1046
 1047
 1047
 1048
 1050
 1052
 1054
 1056
 1056
 1058
 1058
 1058
 1058
 1059
 1060
 1060
 1061
 1061
 1063
 1063
 1064
 1064
 1065
 1066
 1068
 1068
 1069
 1069
 1069
 1069
 1071
 1073
 1074
 1074
 1076
 1077
 1078
 1079
 1080
 1082
 1084
 1084
 1086
 1086
 1087
 1087
 1087
 1088
 1089
 1090
 1092
 1093
 1093
 1094
 1095
 1095
 1097
 1098
 1099
 1100
 1100
 1101
 1104
 1105
 1109
 1110
 1110
 1111
 1111
 1112
 1112
 1114
 1114
 1117
 1117
 1117
 1118
 1118
 1119
 1121
 1121
 1121
 1121
 1121
 1122
 1124
 1126
 1128
 1128
 1129
 1130
 1131
 1133
 1135
 1135
 1135
 1138
 1139
 1140
 1141
 1141
 1142
 1143
 1144
 1145
 1148
 1148
 1148
 1150
 1150
 1150
 1150
 1151
 1154
 1154
 1154
 1155
 1156
 1157
 1157
 1158
 1158
 1159
 1159
 1160
 1160
 1160
 1160
 1160
 1161
 1162
 1162
 1163
 1164
 1164
 1165
 1165
 1165
 1166
 1166
 1166
 1167
 1167
 1168
 1169
 1169
 1169
 1171
 1171
 1172
 1173
 1173
 1173
 1174
 1174
 1174
 1174
 1174
 1176
 1177
 1177
 1178
 1179
 1180
 1183
 1184
 1184
 1184
 1186
 1188
 1191
 1191
 1193
 1193
 1193
 1195
 1195
 1196
 1197
 1197
 1198
 1199
 1199
 1200
 1200
 1200
 1200
 1201
 1201
 1202
 1205
 1207
 1207
 1208
 1208
 1210
 1212
 1212
 1212
 1213
 1213
 1214
 1217
 1220
 1220
 1221
 1222
 1222
 1223
 1223
 1226
 1227
 1230
 1234
 1236
 1236
 1237
 1239
 1240
 1243
 1243
 1244
 1245
 1245
 1246
 1246
 1248
 1249
 1251
 1251
 1253
 1253
 1254
 1255
 1255
 1256
 1256
 1257
 1258
 1259
 1259
 1262
 1264
 1265
 1266
 1266
 1267
 1267
 1267
 1269
 1269
 1270
 1270
 1270
 1272
 1273
 1275
 1275
 1278
 1278
 1282
 1283
 1283
 1285
 1286
 1287
 1288
 1289
 1290
 1291
 1293
 1293
 1297
 1298
 1298
 1298
 1298
 1300
 1300
 1301
 1303
 1303
 1303
 1304
 1306
 1306
 1307
 1307
 1311
 1311
 1312
 1312
 1313
 1314
 1316
 1316
 1316
 1317
 1317
 1318
 1319
 1319
 1319
 1319
 1321
 1321
 1321
 1321
 1321
 1323
 1325
 1329
 1331
 1331
 1337
 1338
 1339
 1340
 1341
 1342
 1343
 1343
 1343
 1346
 1346
 1346
 1346
 1347
 1348
 1354
 1355
 1357
 1358
 1359
 1359
 1359
 1360
 1361
 1361
 1364
 1365
 1366
 1366
 1366
 1367
 1368
 1368
 1368
 1368
 1369
 1369
 1369
 1371
 1372
 1373
 1374
 1375
 1376
 1377
 1379
 1380
 1380
 1381
 1381
 1382
 1382
 1382
 1382
 1384
 1384
 1385
 1387
 1388
 1388
 1388
 1388
 1389
 1391
 1392
 1393
 1394
 1394
 1395
 1398
 1398
 1400
 1404
 1404
 1404
 1406
 1408
 1409
 1409
 1410
 1414
 1416
 1418
 1419
 1419
 1421
 1422
 1424
 1424
 1424
 1424
 1426
 1426
 1427
 1428
 1429
 1429
 1430
 1430
 1431
 1431
 1433
 1434
 1434
 1434
 1436
 1437
 1438
 1442
 1445
 1447
 1450
 1450
 1452
 1452
 1453
 1454
 1454
 1457
 1457
 1459
 1460
 1461
 1462
 1465
 1465
 1465
 1466
 1469
 1469
 1469
 1470
 1470
 1470
 1472
 1472
 1472
 1472
 1473
 1475
 1476
 1477
 1477
 1478
 1480
 1480
 1484
 1484
 1485
 1485
 1486
 1486
 1492
 1493
 1493
 1497
 1497
 1498
 1498
 1500
 1504
 1506
 1509
 1509
 1510
 1514
 1515
 1519
 1520
 1522
 1523
 1523
 1524
 1525
 1526
 1530
 1530
 1531
 1536
 1538
 1538
 1539
 1540
 1541
 1541
 1542
 1542
 1545
 1545
 1546
 1548
 1548
 1550
 1554
 1555
 1555
 1558
 1560
 1561
 1563
 1565
 1566
 1566
 1575
 1576
 1579
 1586
 1587
 1587
 1587
 1592
 1593
 1595
 1598
 1599
 1599
 1599
 1600
 1601
 1604
 1607
 1608
 1610
 1613
 1617
 1624
 1625
 1626
 1627
 1630
 1630
 1630
 1632
 1632
 1632
 1634
 1636
 1638
 1639
 1641
 1642
 1642
 1644
 1647
 1648
 1649
 1650
 1651
 1651
 1652
 1654
 1656
 1656
 1660
 1661
 1661
 1662
 1663
 1664
 1664
 1668
 1669
 1670
 1670
 1671
 1672
 1674
 1676
 1677
 1681
 1685
 1686
 1687
 1687
 1691
 1693
 1694
 1696
 1696
 1698
 1701
 1705
 1709
 1709
 1711
 1714
 1714
 1714
 1718
 1718
 1720
 1720
 1721
 1721
 1724
 1725
 1726
 1728
 1729
 1729
 1731
 1732
 1735
 1735
 1737
 1737
 1739
 1740
 1740
 1740
 1740
 1741
 1744
 1746
 1747
 1748
 1749
 1750
 1751
 1758
 1758
 1760
 1761
 1762
 1763
 1764
 1768
 1769
 1770
 1773
 1775
 1776
 1778
 1780
 1780
 1780
 1783
 1784
 1784
 1785
 1789
 1797
 1798
 1799
 1800
 1800
 1803
 1803
 1803
 1811
 1812
 1812
 1812
 1814
 1815
 1816
 1818
 1823
 1823
 1823
 1825
 1826
 1828
 1829
 1830
 1830
 1831
 1833
 1836
 1837
 1839
 1840
 1840
 1842
 1843
 1847
 1848
 1853
 1853
 1854
 1854
 1857
 1860
 1860
 1861
 1862
 1869
 1872
 1881
 1886
 1887
 1894
 1894
 1897
 1898
 1900
 1901
 1904
 1906
 1908
 1910
 1913
 1917
 1919
 1920
 1920
 1926
 1929
 1931
 1933
 1935
 1937
 1938
 1941
 1942
 1950
 1951
 1952
 1955
 1967
 1967
 1968
 1973
 1976
 1977
 1984
 1992
 1994
 2002
 2004
 2008
 2010
 2015
 2017
 2019
 2022
 2027
 2032
 2036
 2039
 2052
 2059
 2061
 2065
 2067
 2069
 2071
 2078
 2082
 2091
 2103
 2104
 2105
 2106
 2109
 2112
 2113
 2114
 2117
 2119
 2120
 2120
 2121
 2127
 2134
 2134
 2138
 2138
 2144
 2145
 2145
 2148
 2151
 2153
 2157
 2165
 2167
 2168
 2169
 2171
 2189
 2189
 2193
 2194
 2201
 2203
 2204
 2210
 2211
 2216
 2220
 2223
 2224
 2228
 2229
 2236
 2236
 2256
 2257
 2260
 2263
 2265
 2279
 2280
 2291
 2297
 2300
 2302
 2312
 2323
 2328
 2334
 2353
 2363
 2370
 2377
 2393
 2393
 2394
 2396
 2401
 2405
 2406
 2407
 2408
 2423
 2429
 2449
 2452
 2453
 2461
 2469
 2477
 2489
 2502
 2505
 2508
 2515
 2517
 2520
 2529
 2554
 2555
 2556
 2560
 2565
 2571
 2576
 2579
 2586
 2587
 2594
 2600
 2600
 2613
 2616
 2619
 2625
 2628
 2640
 2640
 2641
 2643
 2643
 2648
 2657
 2665
 2674
 2676
 2686
 2700
 2705
 2715
 2725
 2732
 2735
 2736
 2746
 2747
 2757
 2758
 2759
 2773
 2792
 2796
 2803
 2829
 2852
 2872
 2904
 2914
 2923
 2923
 2928
 2946
 2947
 2994
 2994
 3033
 3041
 3073
 3097
 3102
 3127
 3171
 3265
 3287
 3467
 3554
 3586
 3957
