0.292131177479869
0.784159685603366
0.235709960721272
0.545532641498589
0.467522317577456
0.356788800783805
0.00593077890541108
0.440461150820804
0.105152266226492
0.322264399524865
0.861028252410291
0.466525308849506
0.00740823210375424
0.186162984597481
0.431668924090298
0.492772612806598
0.345945562799379
0.0210693299200053
0.611760553485123
0.00752125574785181
0.00299420192267707
0.0134375200333386
0.2452929283126
0.267212054879249
0.296363971542046
0.444019130635654
0.019977182676132
0.00980518657511139
0.0336323601684652
0.290494529457513
0.00767853108595726
0.557650043416708
0.769604399204918
0.189680739288856
0.454223066271538
0.332267403537514
0.0189250763363817
0.360705085660011
0.63112549513133
0.459975838630825
0.00969900923432187
0.526909333203833
0.763501314685915
0.85471064784418
0.384558282854941
0.0642817515007869
0.540732520266988
0.301116966870209
0.104110904065513
0.00535593688289112
0.845324736214555
0.333588361835483
0.088931439508298
0.321832586487954
0.0797836911883317
0.00266760044094105
0.902304333763917
0.788699074533116
1.04952773406604
0.664307620673601
0.335685354235672
0.490696562294179
0.213664678391321
0.46699200466063
0.66371006643514
0.334487568219683
0.164509276694941
0.580556759933368
0.153507892817441
0.607668321659065
0.25547348611046
0.235594609310324
0.487322264504398
0.0462103642442803
0.505311322783713
0.40593141210929
0.59295454636856
0.0888208429090691
0.498082698643959
0.46358292488503
0.056532634398085
0.304071100352843
0.0434020462447541
0.142769871790071
0.387561733760071
0.191628859384071
0.688843918224443
0.664626286817752
0.741202342373699
0.00466954563753712
0.177023296620038
0.291649188927723
0.579647857203371
0.378148641354428
0.420794722955013
0.0759255082245806
0.0562094561950178
0.442271501426002
0.384255719847625
0.493085925513991
0.00288683805611106
0.0133010096506597
0.766051787559195
0.84433548978973
0.104676030049722
0.16260111819272
0.80322493028042
0.00484937466907832
0.111765745744903
0.019077366296241
0.254140481561409
0.0920718277276233
0.319826862235629
0.304961348609427
0.537349379929
0.46314760019851
0.00568647639699763
0.403595126321524
0.46086313499681
0.422014150450225
0.866232318191125
1.08974022990346
0.181944271463244
0.251050908450159
0.465677189524054
0.749197308697658
0.278473536575091
0.150620240894849
0.080612323817193
0.512242030551212
0.874221735573998
0.197714309717952
0.23541695094708
0.711124889109677
0.215767543596383
0.384043861906397
0.565105564400991
0.220482722558612
0.170369678833341
0.278328324683297
0.215028902913147
0.00465232086915144
0.225872633206716
0.460360996372199
0.55214000225086
0.344414884492776
0.291914851406033
0.1744396210001
0.069382581873218
0.370004047832331
0.303821451033115
0.190024468377295
0.366793551544139
0.0164032300047438
0.0708078833255636
0.277773983577918
0.114440968897263
0.326136866082992
0.395854776888517
0.550412375147624
0.255034011399204
0.159720347653272
0.635569805115026
0.490173686688352
0.328688003027098
0.344723764799072
0.37922802627564
0.465870260977434
0.0931388926355142
0.00796618655168744
0.131059989392047
0.150673802073345
0.27748941096072
0.0805068838854157
0.100766182936596
0.00915333257234185
0.449957994681731
0.814390659206896
0.614898397936234
0.451391911932837
0.0222255981436251
0.116512419528814
0.00988382530507425
0.00545882257572447
0.00731968334981368
0.00878886314181633
0.859893930676604
0.75615556865074
0.225203456904423
0.0975571918949392
1.04520769724449
0.960194275857038
0.0280076950897541
0.583075108192058
0.108853595799317
0.0214246034330973
0.326345938881921
0.654132668072009
0.214393055249795
0.37757197683521
0.709555460049011
0.457678811812306
0.800932185273031
0.672367705663443
0.43425759088866
0.256217329203126
0.858792047913713
0.640028282506086
0.420787991190968
0.54129703000251
0.564353840356487
0.857489098652057
0.914841530309247
0.548428125253312
0.444970823010673
0.509386528248012
0.58406003466195
0.266566525958934
0.504063540011324
0.647416906518697
0.412114061538321
0.786548799619499
0.575802480481777
0.538622581047399
0.464699251901938
0.114554227620554
0.0633062346989325
0.385459572618854
0.603205021967888
0.307911438320359
0.20236858344257
0.82190817085714
0.288356990332662
0.718472574332239
0.893053989274561
0.621495605584656
0.34258478871359
0.547954973987352
0.148679262487839
0.315457869652423
0.72938778639868
0.132292779646121
0.155620121465257
0.10444111309875
0.218162798804262
0.00383428000510343
0.613633304830755
0.338085914985272
0.334031032872191
0.465951820746429
0.377418648926566
0.297358515548395
0.00924433126101254
0.00523081312647099
0.379543502023443
0.589358763400449
0.201599989102424
0.629854095990246
0.237384915110422
0.328504347784631
0.54151089583455
0.366130768181413
0.609647888119792
0.453169633732465
0.487997960777341
0.333744593191653
0.0237031886165696
0.137967120332758
0.242704005058567
0.0262170357104402
0.782746751967869
0.887986375287805
0.858757547790984
0.519532090044831
0.581039889962055
0.558681132103078
0.702950835683156
0.883867498506855
0.479518528618654
0.473224238782433
0.0104507262230384
0.394220283617021
0.291210333845782
0.503323154135282
0.691393806539896
0.547055497832928
0.0848810449242076
0.358053255148016
0.0515632088335179
0.021277411170431
0.00611742620486465
0.214683873727977
0.0059205361308937
0.47791136813152
0.500737261421374
0.44505047752283
0.538900260475415
0.0256691310196989
0.677854828899422
0.561702408532327
0.54964309529476
0.017166387267378
0.852187768288351
0.734025751958701
0.097241318114129
0.364329036037929
0.137140603974579
0.135655350356706
0.388442750140425
0.0348033044603071
0.0043135425316765
0.178132961088805
0.418799864057904
0.12908988657558
0.0169401018490124
0.835936394298101
0.00908530332932256
0.854309747605079
0.740528568938456
0.650860225353138
0.0596709878844373
0.104027162689688
0.877232965666503
0.728956679048165
0.46536295753623
0.146357329824124
0.167794841761222
0.0897708301479988
0.154280693700397
0.00329649823606658
0.561705587841363
0.529109918483546
0.145069756130567
0.27895166632797
0.00571091309469433
0.138247231634254
0.230224190074996
0.252392833034677
0.00503089634470754
0.663036258879862
0.470048232347899
0.385942603448041
0.0278253059452981
0.0805814685380908
0.00502088076180425
0.346907266097065
0.530924489831606
0.46047343873255
0.110645312066847
0.00776484223401958
0.369730116892172
0.195982838526935
0.18452003635831
0.109980995799371
0.228358634359959
0.0181148286746845
0.0150760910561597
0.00796692167097488
0.473068802688604
0.338036649876039
0.267877121186847
0.290186093511169
0.207107044892928
0.116012751162442
0.773423080724218
0.367879583051208
0.767197927764591
0.74476096249732
0.701172401410372
0.56380566737236
0.156739335671076
0.473704816587648
0.726425057248373
0.853852733871347
0.378147363164638
0.388384628941547
0.0638161136081484
0.117043053262208
0.413602814876547
0.0160682809158315
0.011973838582415
0.00473238594505979
0.551833682707329
0.578198889951096
0.366136616447199
0.189424579255965
0.209604671637091
0.285874871156711
0.0605301081535958
0.799634084047013
0.0702217431141527
0.0890314396293274
0.542973298856925
0.275405291876907
0.671651249961049
0.403745789391383
0.962490540773315
0.743767926976767
0.226623907018214
0.00917721489527283
0.0393753098366119
0.399927837342036
0.734862815964756
0.592660398526088
0.00685073140314729
0.271037316721241
0.229203263751145
0.0768748829862025
0.187744847555882
0.0492963611280886
0.180171893096732
0.248879835969006
0.258583730343097
0.0126857649462767
0.244507584630791
0.441227160596933
0.0101542228349211
0.697787913497426
0.180838268485236
0.235696901540036
0.821184925561381
0.239267135210306
0.00853163966508795
0.470424378363152
0.629542635462221
0.379657905727463
0.0118807010330319
0.0357595912319961
0.104304073703439
0.572323647489515
0.876421759761124
0.62417231631948
0.0231128472919944
0.0764475089991682
0.0839902833365502
0.0357622244737811
0.0111107427498333
0.190770822279267
0.151200637200239
0.13123669818786
0.226129168504186
0.224636294675063
0.539092139171486
0.667213691896861
0.348792341424715
0.792448975374883
0.0528241889405471
0.143764832011405
0.609683702160298
0.350221842105525
0.0429411197164449
0.377114732532519
0.466404532343127
0.668396213073015
0.0686551397965919
0.258671321473116
0.330556337021183
0.451111885276572
0.33609466074883
0.338639984165869
0.181242311662214
0.126954550287752
0.216954812683355
0.355127956551301
0.383763616575758
0.0925181632711919
0.255482906524315
0.0638414385194796
0.0687518472536166
0.131501628349479
0.300808283280622
0.447318079313997
0.0535597210711608
0.774989956042806
0.058542444777477
0.159427474161972
0.577342011873432
0.854651681297702
0.561620424848035
0.525810995467697
0.886340838101982
0.797795002350566
0.882311720393694
0.749344386422075
0.302800002538811
0.518350821187328
0.782688536425851
0.964406789430336
0.71061470942062
0.367521691587076
0.654091054125749
0.757022704469528
0.654693217835434
0.575358378038664
0.305164057533364
0.609333244943208
0.307988663645232
0.327329219946364
0.707854853930959
0.595422583052922
0.47938844659583
1.01955886057435
0.724216061667677
0.655953375903289
0.248854488359232
0.418036158554979
0.37513999749958
0.24142334000485
0.289003888532703
0.512194416297456
0.311838723064796
0.611889508856783
0.395595594577005
0.767032153566803
0.693204026714298
0.299110380769322
0.403917750562256
0.817727697268343
0.721393828366339
0.62768981756697
0.855775219118712
0.976053725517755
0.672308287360496
0.558924671779815
1.0593914917746
0.76778383808761
0.837889744514984
0.656031249932021
0.568113108403878
0.508327887779428
0.494459686144196
0.913766931818528
0.699453206497297
0.0753820591701175
0.74059959930811
0.338992548158602
0.797857907964552
0.758099162061797
0.442465699709446
0.0799050791606156
0.599190681304286
0.383275076961822
0.739824291432737
0.275203560830307
0.327884049693491
0.0806201878947827
0.0106629286320458
0.229220371774072
0.153704617805486
0.00961282247455214
0.639139880155299
0.961765841206313
0.594571116262458
0.44787446675636
0.702097655376794
0.324224230216992
0.378129803977206
0.637802516638795
0.402719560093809
0.330606792100981
0.990585367926729
0.781596124707375
0.79042065975215
0.768747702626923
0.620318928474522
0.956257630373694
0.59658119606955
0.794163935591026
0.964409198921515
0.870310569066492
0.669661273744529
0.95288114820721
0.691327776740088
0.859826593253246
0.863696845492868
1.02727408696969
0.826522141434333
0.514282381033227
0.815587700414253
0.646161266274938
0.990069163073292
0.335486445528786
0.562073195563657
0.879959746991897
0.56905387345839
0.60693208601298
0.470041957528935
0.591829472981192
0.818934139314237
0.360492967377513
0.519209867612286
0.769516493197885
0.753554962068254
0.322149056180003
0.413656241806296
0.436160092979711
0.599330780187436
0.904489873561065
0.823949297147654
0.694464118870501
0.815652838490391
0.0611012478248794
0.221270886198999
0.336372481511152
0.0728257189115232
0.0848714459842753
0.683240384685827
0.583728850657697
0.48384128246045
0.54277141720208
0.903432398154952
0.863538084768289
0.796643780669601
0.609749419310849
0.873762091163575
0.413418227261543
0.216578721745088
0.228053034533745
0.532016141423879
0.717486610116984
0.476712303142446
0.275980137654176
0.301990949694655
0.211791677079475
0.69926031239441
0.65632677591264
0.751153093592838
0.431051725737764
0.475624561713815
0.199381127139372
0.060790093169871
0.00804543826678653
0.0377613632618668
0.122393016939287
0.513025522918531
0.563911971965314
0.244307737139691
0.485151144713287
0.429638779855702
0.387241116280151
0.390584131028304
0.609765149692895
0.401889349193134
0.533370384974968
0.314214374407761
0.32999131306771
0.0737117979574149
0.386473235102809
0.124032860050919
0.161661537140204
0.0172569667912748
0.689196655085438
0.0833935566132402
0.647767797524722
0.699716684731345
0.437899976954792
0.202759785662591
0.068565663124264
0.537016104980357
0.596788840189249
0.263549741474523
0.19971050488306
0.0603971158843747
0.14468943807373
0.0895479771767592
0.0209625914530506
0.216779208887399
0.293348644582243
0.166774242033891
0.39550226437634
0.110945359864225
0.206330652795683
0.450924408941479
0.55311213875672
0.441490471940799
0.348975477556313
0.58627095477475
0.153638518148435
0.275732700526942
0.489438892488846
0.651982403875214
0.331774127110457
0.893920909589766
0.353216373479874
0.216891548129668
0.512938315500877
0.680451818667953
0.415176005766347
0.437353539405669
0.159642211962781
0.622978322022007
0.705435914340038
0.309853976768782
0.147844999146469
0.732242209278067
0.283323620022406
0.147076502010828
0.463646529841793
0.244473531513626
0.0781044494121424
0.0526606850359374
0.736128839281738
0.265929049870628
0.470615439940024
0.496372143152297
0.281761793204673
0.144841255926188
0.671585488122409
0.374006561972166
0.762179301908184
0.617628453175753
0.333917403053332
0.244745614426032
0.823376973810848
0.80199628236369
0.630397217736922
0.815069350266002
0.352861548736669
0.696487416828567
0.485595929757483
0.838829882623666
0.391089247539697
0.664161729985815
0.437388611563838
0.467225169763831
0.667124406003569
0.409346207710771
0.302561714338758
0.692603549145304
0.247039314921228
0.218340494530246
0.140228315905449
0.343635711521614
0.0740517336622326
0.156671309911227
0.114601782173432
0.541982974570435
0.308919008430291
0.819694475633294
0.0925956178059865
0.678974235190238
0.0110636027688225
0.0704354196607398
0.00350618379683136
0.00402741066773656
0.00583533133669695
0.485180796654437
0.284712995925335
0.0688326385637797
0.70654286761929
0.218603942165588
0.177157784490148
0.430529017393941
0.0704838068768684
0.180937736759034
0.228908769623383
0.0241027604934409
0.972570001274431
0.8700258058384
0.617222021757969
0.231746058615061
0.509217947755559
0.471930057710102
0.406018766345773
0.315788349560522
0.163088667744907
0.53937405857368
0.465127080109673
0.0768600892260299
0.999271232402898
0.719399794434222
1.00767736058617
0.664364752366576
0.535397749424311
0.82453560040855
1.0358030174768
0.510860894394873
0.626986276249174
0.902829884352085
0.754329215692823
0.593434574606621
0.707349303526977
0.677665959082299
0.696304702084569
0.0362511530032318
0.00943152053098536
1.00303319885486
0.725115278633443
0.212547400832162
0.553250823588606
0.270579037519884
1.07238254610936
0.562740572921218
0.407035486703476
0.540470339676848
0.388277267848736
0.00802524732692354
0.37204181871995
0.0419566158333032
0.26008755687905
0.200268295426524
0.00690454786149349
0.662462826332613
0.845779074656939
0.82513934422308
0.0986754055652477
0.66304396498838
0.965358700379758
0.31241795090101
0.880829057734015
0.02904897087115
0.142471648940533
0.366883960577971
0.505176202884155
0.981236687509572
0.967408371039092
0.513965432558633
0.753495406813733
0.490799686679191
0.763418181296546
0.67126817174904
0.801444259602336
0.565603834013092
0.664817788899683
0.276128844852813
0.559913232653691
0.618128511509509
0.623453827299841
0.797985059285434
0.120108195425024
0.694967469303205
0.565400992734912
0.877218938606285
0.514464982203629
0.788829996362373
0.915338188922167
0.161048639692657
0.581696492369666
0.0588864878541456
0.324114816350121
0.828132148395893
0.314281099881598
0.700295435627091
0.622765992428772
0.44596197187595
0.626961669146544
0.348439167083485
0.352092209586543
0.436682541655083
0.292820425474305
0.629652297286718
0.67911168087035
0.182500982652657
0.787886359547302
0.806448054002054
0.329128648701981
0.554834048367778
0.126680546858024
0.460154259538894
0.515397213764682
0.509687016191558
0.149581676368884
0.545798737280464
0.549823451350894
0.17917036129527
0.772754175187275
0.0774424998121118
0.153667811918351
0.619830990405063
0.141873190358142
0.603145265570489
0.456100727154874
0.296744559712157
0.51357310160934
0.386547747734362
0.0136981495424312
1.02472230844368
0.753886943148159
0.200334439478642
0.804962034090437
0.507622498686059
0.524833517195561
0.123687371275542
0.0716638562431935
0.0694082603717265
0.196381169387157
0.721611369736007
0.184110055608731
0.822845940305854
0.627738110169505
0.356523257480989
0.407434465048843
0.509592088637563
0.349037045814683
0.0734670905210463
0.582403440662209
0.147987065252782
0.00375862591617433
0.0507290169409667
0.111217585233798
0.0985521545114961
0.424446581312288
0.251367017978424
0.824895409400728
0.980874531710553
1.11548809802587
1.06015786480749
0.355692070720292
0.309310864232535
0.455070845297508
0.647628653868068
0.256811600094671
0.0116799853818103
0.00299047880147828
1.09896096771215
0.643443052964514
0.119477401984154
0.0315904801173202
1.00839947672783
0.0700493790010337
0.0158263459815107
0.00987575472880591
0.0655021673324643
0.326224801745275
0.139372280112961
0.190217304219966
0.0119929839978816
0.156408640692664
0.160286465347217
0.228111328925709
0.00610637907736303
0.547010479300957
0.714485623159296
0.182992312377773
0.337381648450907
0.0916571609141417
0.14078573163843
0.80637848637885
0.43825626753377
0.383638681876096
0.00213827516384844
0.0174546142395504
0.709053326341342
0.546781636551417
0.00423229405267515
0.129033664798071
0.540703343784465
0.0101314806497965
0.00591045515402558
0.0049611917893619
0.00267880929879453
0.220099369683779
0.520777040037555
0.38212565611998
0.177142862655732
0.583198205288761
0.457626407281738
0.382302468525823
0.253194129813655
0.415229899058938
0.436845437367638
0.844579680566716
0.331083624981074
0.383425267055279
0.293283097740249
0.236149760344497
0.352341871926294
0.105721734288135
0.0159799904360955
0.129573151008152
0.546215498381882
0.024911106137568
0.0769513617480592
0.0774817681607749
0.313416520585133
0.308994045602471
0.328122361116255
0.342062059518924
0.071801227630219
0.00432146821541264
0.510222481815412
0.15542562017624
0.649557754615333
0.917051666327815
0.215959700242733
0.365431751793903
0.103894787129729
0.520295013819275
0.627615015509618
0.970014640533027
0.618964501984396
0.905433848345395
0.788786337080607
0.165224356792215
0.141652215059637
0.128854323368979
0.148737007947413
0.32547030329934
0.542281426210779
0.579966203129217
0.735333421594721
0.687994884433049
0.403239215296583
0.750261499718807
0.674068758840529
0.643516566348116
0.665249492254376
0.523894278047765
0.394799291909898
0.778122651449347
0.787911474757569
0.55234311944024
0.137300424548128
0.171369348169653
0.0864889952138118
0.423491296643583
0.898744903665858
0.973515392827709
0.857403180849093
0.885528117487294
0.349220713768961
0.537524563058644
0.364989732365181
0.144905965938775
0.202988000168345
0.128405929787631
0.674293723085305
0.459421913722826
0.287924478062198
0.187197356392764
0.799603943426527
0.698496738225134
0.268062569350365
0.741985419612515
0.23537153591821
0.260040726046891
0.252558990170808
0.680675064084837
0.380863784083799
0.605631676143767
0.13459774591328
0.190094853947994
0.631300348274254
0.541208244079508
0.666788200959853
0.794846164188014
0.408541888063488
0.709881379686065
0.448496245950969
0.936486009258803
0.724551857652857
0.510493039454119
0.277437443200285
0.80104761310841
0.39126042538857
0.26235847336481
0.707310696054669
0.905079818099609
0.587490660801357
0.371170459827573
0.479468571677625
0.505880896238173
0.465517530399414
0.0938249463682598
0.52492589026518
0.331293323505978
0.546970727015532
0.649453132804373
0.619207970753113
0.6140035915191
0.502447091010837
0.402258114372955
0.240939129485776
0.551403807070545
0.651167239028189
0.620913453485923
0.735664190534612
0.49562328051505
0.647028732415285
0.553434228144078
0.425645255093657
0.487346159528309
0.713331108248758
0.421142434495927
0.375015061133144
0.214756139044828
0.917804808672312
0.793624538366422
0.584169688697709
0.662186015138504
0.740440299396912
0.535383279969986
0.726208934945397
0.486653824895425
0.49571932297936
0.839549071234875
0.728028945647123
0.183896230876543
0.673511207698461
0.171292628308781
0.0262520453242451
0.916237349026732
0.838294926908121
0.401948223610832
0.784024018632848
0.682885901743979
0.453632249422029
0.44249164797998
0.0318742426767818
0.327379569381287
0.521863069488187
0.597536238023468
0.0470835835150671
0.393666825052276
0.789546827020032
0.40257320511216
0.961239011327186
0.525498189809734
0.771785524241345
0.18713160299299
0.303447213147085
0.173610905628053
0.922166918600404
0.873921249223852
0.725928611445657
0.59191458663442
0.633952036560724
0.432025335583961
0.5294436260078
0.48338888402109
0.654711517732615
0.661823088976929
0.472937788209357
0.417994586916307
0.267613586326441
0.448063074275975
0.56177404423242
0.335415297050377
1.03283156886932
0.749258819442679
0.619409010480202
0.86428079727112
0.705014053832765
0.665749698434467
0.587523945928917
0.834038672917619
0.576944342058719
0.568965540651358
0.0585165913828009
0.0653374764180548
0.432976515013311
0.328616060969743
0.458380742642748
0.12134861567393
0.201337270674646
0.593500859918533
1.00554231822825
0.558892080415866
1.07250841156416
0.752236100066058
0.0155987338518491
0.61388391390556
0.415174329325544
0.534222541279538
0.200655256060306
0.00374140499759068
0.869020862487967
0.845154051037753
0.700702079930796
0.0645220347490446
0.707140825231767
0.625793393517054
0.0312168827928048
0.493261208993919
0.0641669136728325
0.00371072432624712
0.295577952919896
0.0119873452177469
0.596027048482554
0.903351523547577
0.85592927589238
0.589866092732355
0.300986157273443
0.245912531448896
0.842005566843741
0.904037183088491
0.986879624521616
0.587730921588912
0.275425054034848
0.326469098170969
0.202819736794696
0.442967115690983
0.328390559212637
0.272925992775097
0.867531255354656
0.883833229256049
0.760466346780268
0.317660929371889
0.974703201618194
0.589137819639308
0.23884585018412
0.514331864143594
0.223142253656366
0.333274876183191
0.357781138490791
0.0975782142845241
0.478514489238735
0.511460466050134
0.300300975519287
0.550015569574203
0.156343149356481
0.669939913896333
0.81093790534717
0.927543413025866
1.05528889997055
0.859580758940682
0.601531231309494
0.508866080883989
0.748432966856249
0.686022117509207
0.610386965146556
0.658168641052443
0.870348858230475
0.619416283077318
0.843700565601672
0.498594198787765
0.81708015290158
0.530523529371812
0.511657860406229
0.528637924406379
0.350361961108672
0.487145846572974
0.798049823428805
0.0643874098079486
0.757976143270303
0.657632867819886
0.674984939686875
0.499428364763444
0.267451121873613
0.181923167181084
0.322756395983583
0.795251840235889
0.760018374769092
0.370403572602352
0.0963611059670902
0.0696323290574007
0.170049441580759
0.152362415170235
0.160982471858781
0.00506933405017118
0.804738993040863
0.945218024531607
0.731839627110905
0.213690478631248
0.985118128692711
0.833509272884116
0.257358459427286
0.74279779710177
0.402803789460481
0.473536709566626
0.740424166512042
0.369405825435583
0.193280522660971
0.621883460693745
0.307253423533866
0.17909564124718
0.264370478782513
0.17682941923282
0.354484292238969
0.628641246093215
0.796136836420789
0.615534236949306
0.519031698571397
0.0408892903967315
0.622816153311596
0.352101160022896
0.111162319020332
0.33105215375432
0.197845718712618
0.325368589320061
0.0435039881206358
0.165993526046137
0.54405078327203
0.091783490525025
0.412382624899088
0.395846612868713
0.376830263715638
0.160979036850085
0.299369288381371
0.00652017844924313
0.486656712405906
0.758174309084793
0.351354522446367
0.539982973860817
0.438424345083103
0.0822757098724604
0.650441994019209
0.605018321666528
0.290751708383409
0.472367470347099
0.352628549367904
0.0665850669532858
0.0986426306616249
0.0849585628667617
0.0861728642361221
0.00581568332170506
0.868407952529366
0.656353637401034
0.666676827974535
0.495095078285848
0.613228123166153
0.701212186273056
0.542817865277096
0.618363238854814
0.297501437209773
0.402430325329255
0.80871331393352
0.340910967498396
0.903602705135916
0.643105583042827
0.332502230715128
0.561322693375181
0.415413866312436
0.438335087715449
0.867964585317715
0.688858512055416
0.486988682411427
0.722555445382124
0.49285497865938
0.48624080630189
0.313448961911778
0.445220732944407
0.479469223635725
0.0842359395331807
1.0385168780474
0.520400825083599
0.86298397219472
0.480190120803473
0.486043675042359
0.884243846959346
0.389039710746978
0.48725582388438
0.328608655130197
0.420214687685618
0.427713303986035
0.0253791694232517
0.627890699410414
0.450961271650463
0.527685683508996
0.324508192738677
0.192514513831314
0.0123309072063563
0.507905492547557
0.472184970083306
0.550132111310753
0.269722393416179
0.13030427152727
0.00280433938447289
0.0410320605162868
0.0506156521416247
0.00398168083732406
0.0326631776252932
0.765655129011381
0.944357859440339
0.448363059874144
0.253904761275568
0.562101503442596
0.303332958709922
0.0850370014207344
0.604378629603761
0.223078158005185
0.227209451758982
0.894631347593283
0.0718462021318425
0.495618145124333
0.798785950716684
0.878406031094084
0.508488565737832
0.227522029243845
0.277997624077964
0.413644678603073
0.793351995710217
1.04010026964707
0.716447481921817
0.157634499253704
0.574763875447287
0.714647639059231
0.213826805703971
0.256419400742067
0.00586858768532241
0.736362626089272
0.530345781111949
0.414196512892399
0.0707998914120863
0.762755770999913
0.751466057832704
0.167562895118411
0.567085331726792
0.170037977662649
0.295055349701185
0.548525074760193
0.00472116383333407
0.0499720807689054
0.292673550987366
0.487931859683009
0.483250217894512
0.00652188436825439
0.0115287322152397
0.153234881168747
0.573785475051182
0.789284559164885
0.635066835308289
0.00719350329782602
0.234980186412148
0.302758905370534
0.179557426809
0.216682009254673
0.00277909520178727
0.600877212766866
0.469323464653732
0.315994439453894
0.00419704297649507
0.400183942716874
0.764842952722917
0.00314225547622591
0.827284935818002
0.00313593652437342
0.0037769259379466
0.622169407491368
0.314952604727105
0.851149453969893
0.492550182280061
0.660359906658778
0.248292102609009
0.022230906958523
0.268512041039671
0.742554405868287
0.477701797402846
0.421832312068186
0.175741742777683
0.0972024030273179
0.558645181375879
0.641173305005256
0.458175549921566
0.109129291559772
0.119500455072119
0.690078814808026
0.891592212008174
0.231306153018459
0.23874608692434
0.819349977809415
0.18692064278847
0.261519855764799
0.297526014654936
0.0580241854185784
0.00275562294706224
0.479593254718668
0.143791648068286
0.335437346163668
0.118392212862978
0.281324866472424
0.319231555233604
0.0036291213283855
0.255531909100001
0.593722714713827
0.478234488612668
0.843907548594239
0.89839350276084
0.131826231591034
0.509059447406131
0.386964417344866
0.293651178926226
0.350927650639678
0.0774275207802884
0.568696444186993
0.613323691759627
0.627081691809868
0.0644606023689762
0.682402587690827
0.62268976961004
0.0915451896254541
1.03315721590191
0.171863945618854
0.127079683732348
0.00408595805205366
0.00535163339366854
0.0080224710946999
0.0107327553078919
0.0903351055827164
0.0107379270279712
0.0123341188681148
0.0924159266861902
0.117267144616666
0.100596147855367
0.110970347798245
0.148951682173729
0.0916920189581609
0.282027773085466
0.139953829514007
0.0666881180872691
0.509692225069591
0.00722580387881784
0.508914997691862
0.528977998482859
0.490982608628078
0.358293785234181
0.592162891343798
0.454411236174268
0.240327528762235
0.67669401053803
0.406514643301086
0.553758095906615
0.827195667500394
0.588454412151688
0.625722721204524
0.570788826493897
0.104389324967834
0.199974097134838
0.774305323744185
0.326244577001691
0.655774433697996
0.387350479139565
0.0503166725834897
0.158080819324011
0.356681641017237
0.676202667074808
0.564407373501805
0.164169031817917
0.272612332062951
0.583667700610376
0.582708757753623
0.189241048652492
0.535072814007102
0.496416617565612
0.383903255565339
0.664887298065042
0.489591526313077
0.246483050402336
0.15272010778919
0.421461780124144
0.183615195709225
0.649902813927341
0.467296725593032
0.457460357444984
0.715991885316323
0.21160432293499
0.31784196276825
0.184228068840637
0.270576207971468
0.27921839671184
0.230857760580442
0.0122316845592409
0.505163124882808
0.824722791317763
0.439047728479116
0.661222691945251
0.0850364591521703
0.394771403084349
0.106750607514816
0.550117172675891
0.123118305411315
0.343810073505794
0.383641300835325
0.0125603650161107
0.222974762876844
0.269395257660149
0.70855131932228
0.150663555505782
0.262859952997368
0.0792098299189381
0.651380954609511
0.582180316268828
0.473555092601005
0.376818008572864
0.452799503142085
0.0904132906558041
0.510597533344493
0.649011596435984
0.590637450808831
0.491785427417382
0.507979837336682
0.162646436023566
0.17650009851354
0.151609360540189
0.219016000352267
0.11548462041301
0.686759266610065
0.674291961514638
0.433291541958089
0.689505773284753
0.841186274185166
0.650113818207972
0.330376829939296
0.768169277465494
0.425546333357136
0.325200683963599
0.719011709485245
0.439313610301052
0.554038918445467
0.819038274283142
0.64569336355839
0.775380212003024
0.557403923196885
0.467225047057743
0.457669225557003
0.688013552445071
0.625719866090696
0.395729080723817
0.659816645666427
0.607365985874982
0.530152960991194
0.23530273365563
0.28455802456892
0.463646104276546
0.623796783556226
0.298546613879358
0.302393588054925
0.413402485533709
0.679093095363517
0.773200431251051
0.78618955904934
0.942987979853092
0.469481047657376
0.373637607088593
0.00536283733585828
0.00473609049575175
0.180652998977707
0.195656992821745
0.183617135064581
0.24001563251639
0.0131954795203743
0.0606098305329136
0.0687466685096131
0.00210998696281388
0.00241926199318748
0.00526202145055375
0.00184908987537836
0.0226578716214748
0.0490362436461467
0.00251656436755926
0.140568241910337
0.0341974668595419
0.00374907279511817
0.0015756606186876
0.0100344685263561
0.00360788666408894
0.236697113186609
0.226699777313053
0.0473110246434805
0.233528014158392
0.00283954268995111
0.0894822356335294
0.116393939490158
0.00740204924096136
0.00588742075535733
0.0662039627015944
0.159700411514183
0.00352203016097178
0.192670079408446
0.00912866993806241
0.0160169254443392
0.170360500137812
0.531320856266648
0.273086159517138
0.115143810669687
0.0451765983688439
0.0336269345058146
0.0681154260638812
0.031193063108177
0.00227591206632657
0.103673691204907
0.303748428138318
0.0025041626879745
0.0423439254507656
0.4504366349569
0.0415714416951657
0.107220569720393
0.152094615507207
0.120773065209844
0.00477315589404305
0.0375416301221615
0.00562128924653584
0.529797096836144
0.560505881456375
0.307860106169294
0.262007273311554
0.0269596272933746
0.16900273750437
0.0662889865022488
0.0379676903206812
0.0258328516326099
0.0497962669939441
0.0633529827666584
0.0184302810015118
0.0116141756065575
0.460075006697914
0.315974909304326
0.292952521800412
0.275591597972512
0.190941051132847
0.169650605010482
0.0900084474500667
0.00174956818097523
0.163765985820059
0.33150935741386
0.584281778151295
0.392105231914796
0.526934050940394
0.451470168128749
0.036142205317036
0.196331502442668
0.132444297891834
0.230035497646724
0.0217660419906191
0.00764574707097465
0.00607676297974641
0.00425931265997483
0.00432815169885638
0.00268762003831947
0.309278612256195
0.239660721721164
0.0568414199816135
0.200441453395385
0.561726686037199
0.481317786868116
0.747771272610789
0.300084860800723
0.702201029474122
0.28577080640055
0.524859124582482
0.511399817028866
0.644044027114739
0.812974435341661
0.588076146464222
0.471586478958332
0.231970023280977
0.849958203239083
0.779038601923334
0.907617613090101
0.918622070343867
0.846842399477468
0.205674411100688
0.567331911053103
0.707524971989257
0.56239011628359
0.264580102603353
0.413375732051961
0.695448521459143
0.520345936078731
0.374760227909255
0.478461703199817
0.639579885455567
0.52229407483514
0.417936010781668
0.759186444369923
0.32588955459061
0.205739809151437
0.901480029389114
0.346014854267391
0.0217321391035185
0.657384323193341
0.53294320313582
0.419405822155614
0.343735415477647
0.600648598468024
0.0095898210710006
0.989678476208009
0.855685277500435
0.773944141805734
0.625684881828665
0.535572753971846
0.63357299374426
0.294036710456574
0.310106047035977
0.234282931793857
0.328795642180666
0.150543274783595
0.132390529990275
0.0773946504843482
0.694538821182447
0.753186421735015
0.508761428904977
0.868698068619615
0.370934225642404
0.403301358069751
0.220336367667661
0.0110932137311355
0.695638324108169
0.274303895450906
0.52234250401733
0.925257456150221
0.51813958666833
0.215019765330188
0.423447705884317
0.440595283537601
0.0650897803235629
0.138787000187281
0.17545319983748
0.249197058831556
0.216195674214809
0.0557057420651391
0.045737781261399
0.13915893901756
0.488790809614667
0.100488705320904
0.402417174404064
0.579887687680508
0.0429252561527179
0.361026930506527
0.522402787284018
0.60279090372487
0.240665610637701
0.312914029314595
0.453172952875189
0.0175145186675852
0.960026247399119
0.679612955884414
0.861665031961218
0.268565079963007
0.0168736379725592
0.350704337748688
0.530946297142557
0.440765476926211
0.506738418055932
0.241261450414539
0.135101670033622
0.212682820627041
0.0258955577544402
0.0188021524070109
0.0181499330933502
0.00980640674934511
0.650930273244637
0.894173283982483
0.360966589561905
0.0939723880116072
0.526767872153348
0.295342545477896
0.132295289349316
0.556709913985512
0.0513267214573421
0.19366339764943
0.589195303400968
0.457447512993769
0.128917528032349
0.128755230464171
0.242074423653183
0.202589017110501
0.16572188132916
0.834910139938202
0.658443290133432
0.592126171745831
0.571327758251202
0.730586323763662
0.761731942542439
0.735397158799499
0.741217498428241
0.668650571599356
0.56904618840938
0.772164260239052
0.713132382964526
0.76581269362656
0.280334263153081
0.675739852406734
0.853071730254638
0.756225570490893
0.770628021290019
0.595821278292535
0.647042862432572
0.37114146526079
0.34325502890671
0.512914109041449
0.172862022168162
0.53071652848213
0.447563960785011
0.189781929219214
0.238728607655041
0.557088691094176
0.305297798358078
0.665347058021096
0.846494751378617
0.634062467040613
0.34691105866611
0.629396251338545
0.803908007501047
0.706857748796382
0.532217184761196
0.320285704873063
0.549852891330907
0.424594897537029
0.582557256582697
0.11970720437863
0.627440106916206
0.697895655005879
0.432928835128417
0.639546896079788
0.449489985812088
0.256758796422869
0.56766355974299
0.0536091616009674
0.369615406122487
0.7350247239357
0.82971568548983
0.592636142568121
0.0531610748931462
0.637051239202801
0.394513109963091
0.586255665351307
0.604966696253767
0.555505441505472
0.515899048831907
0.0663262295226471
0.440427293852914
0.1635164120325
0.0970680131611494
0.0935052376618538
0.261494789945021
0.182432351336416
0.517608480164828
0.0290429166535027
0.834469324346913
0.533682822406168
0.230380675502237
0.563501966619788
0.0837165685045734
0.110010397242789
0.0665487701987993
0.75842162566301
0.538274235043712
0.86506794961359
0.760501850347945
0.735041250932155
0.692688134102079
0.570812573207441
0.651423379182006
0.693673588587105
0.865667596171432
0.785572058761189
0.796526000374591
0.827383086404278
0.805741050773935
0.858352681454843
0.81690079533668
0.667941095488106
0.932369504324173
0.840058604141063
0.758592872761932
0.436846621476371
0.926435727327933
0.806023389679606
0.629425881522646
0.758757291940219
0.602866899525433
0.472414356656984
0.234581238376029
0.535978018506602
0.12030239384518
0.32592361210204
0.00594611507108599
0.0519672435825851
0.0039804941481117
0.444050105767452
0.458239601534661
0.607154175527134
0.531568786018897
0.116523000373125
0.243203468562664
0.499943190319774
0.804424374031451
0.128122572541328
0.122622092955226
0.0746617354665068
0.538062101233117
0.449522191446601
0.0882223909395963
0.188917594309882
0.18343838648989
0.216862959086327
0.246809880948068
0.644667233387107
0.0473740005432505
0.0545010060376935
0.858997434939816
0.0938836721030313
0.691486485802665
0.798521949203007
0.459441494033189
0.332325369645107
0.364910979547494
0.218954773225561
0.834756627147912
0.794550800069663
0.688880991620702
0.944375552890527
0.546247742173891
0.460596544516837
0.216806721999587
0.196558085284862
0.522606783076275
0.0660920083838295
0.795053684035224
0.657110541926629
0.812756914969922
0.548951096183712
0.844235183004821
0.861417338289697
0.555868211951336
0.756729862483733
0.507829427388922
0.624787254467605
0.369684484533792
0.00767679151482621
0.306282303225222
0.351072076275745
0.00898969426380727
0.00689714689026448
0.127621531140206
0.448459028831887
0.63782799997965
0.402474798928889
0.347330460354205
0.44692874128352
0.242742692806728
0.574811624102229
0.27202204532105
0.170113013438527
0.220615006607608
0.18662956571231
0.661877956562081
0.241167518984985
0.33154988220367
0.310530398252337
0.223611729454378
0.464052578686788
0.455145942936177
0.448907300144029
0.197100593302441
0.240888383211918
0.173531988332114
0.15238873124173
0.733713822619173
0.790975379942646
0.459795987153371
0.308598946542669
0.339123115998171
0.0218812033093462
0.23653297057923
0.292475038764494
0.567491406139675
0.527728239877976
0.393787682225815
0.169443347829942
0.423903497014381
0.159497808797987
0.193760215871551
0.218120987815503
0.867235741652433
0.318383900412563
0.284880825702676
0.329541491411157
0.493625476077556
0.76515121101192
0.707100349644197
0.784456665610816
0.356616900525077
0.611943246346548
0.340044813904835
0.233451246360822
0.69745691709222
0.689150551845907
0.299583203706984
0.213542928100186
0.227551205659419
0.715435085285145
0.757536473629564
0.799288534699293
0.514386098498296
0.556733186468585
0.443600648826411
0.468607405046192
0.521559240645448
0.735006346607787
0.566905340792065
0.232564225047239
0.905419123443684
0.64246204976867
0.512308968006098
0.408277490901367
0.634304733744722
0.487148002865635
0.361637827593098
0.51039365919642
0.172244515077485
0.340381586787056
0.199472598905881
0.387736748313935
0.277521466830982
0.673498116363163
0.445712516911985
0.478245161232225
0.672826663654664
0.533778173254385
0.604202738464525
0.630438615775085
0.768173453981475
0.42093058687026
0.439836653795544
0.877266940226211
0.736011046013561
0.884140238347389
0.599285903283446
0.472924238398112
0.727131227318963
0.735156440412804
0.500125443765299
0.514788570205635
0.765957677116059
0.551016714287213
0.8539442995234
0.524855194898149
0.799629221842698
0.621331133916457
0.00497587191545291
0.632762217082225
0.00852189784410244
0.116983782651508
0.00964213564636207
0.23677084803264
0.0415680164736883
0.0646491906238922
0.00292906636755674
0.00784101855992136
0.00523526428857603
0.199584177579196
0.00626279943953649
0.595881373406895
0.658744521232934
0.330952659109709
0.572498598434264
0.110174499938929
0.329787602736571
0.578844813168371
0.663205724778183
0.205219846500354
0.584457619334538
0.499545944639464
0.36855258648246
0.578753597906557
0.29237536956466
0.356922776878518
0.335139568945474
0.504273603106999
0.383920212422463
0.378477827902789
0.381654163827412
0.497585463541725
0.101665955392788
0.592584844438986
0.483471255555475
0.53447090544723
0.472943573379315
0.430353040638024
0.164027942179694
0.531668212689286
0.391887383134876
0.454387529174166
0.442416985014374
0.185965403269943
0.761265986049235
0.492605119709698
0.685380257377266
0.142168797420889
0.539905078774523
0.703597663303286
0.199316735863572
0.59811374863638
0.253095751246339
0.273239478463696
0.404288939166757
0.00270759174026044
0.487326165424293
0.585017060543554
0.512104841697329
0.00551253074376235
0.443942566938791
0.310240491442321
0.566431224311222
0.483627964368791
0.655726137122139
0.00317298787495935
0.516754544421105
0.204524182776435
0.165643635274496
0.121700610505232
0.00440796048474585
0.105513757371968
0.891238296322469
0.845699038756746
0.028913697636058
0.612796602010486
0.696698127635139
0.0461000872589794
0.581993524809904
0.00881780079555987
0.714750930629176
0.00362610012321407
0.0767796715234367
0.393358886892074
0.397384875689082
0.367874048246106
0.0717019874792424
0.314599588023715
0.135657221419671
0.0993783449678308
0.136775739578137
0.136380006419708
0.256253458273077
0.10828114541174
0.09220759359601
0.687524234324213
0.479310034345539
0.215083206775313
0.241229984848454
0.0726912049530855
0.557161309147751
0.738042757266322
0.335579456382975
0.0833621287718138
0.358986858454237
0.358511714330773
0.162258443642456
0.258354123824739
0.0809344848340121
0.0469700690158709
0.715409536383842
0.5690057593664
0.579970010850904
0.887804647521047
0.546337475826379
0.695519353578745
0.369350879476352
0.489890058855446
0.374115600496764
0.417764272264431
0.332586821231692
0.379717931607402
0.172147079905154
0.372108666972629
0.246282767347583
0.137021810629295
0.127529075155444
0.162532724192314
0.492556096826012
0.105418515636131
0.00602033201797248
0.106386006477641
0.634402094552551
0.344032071780826
0.378825829026977
0.503092516823854
0.335354165791633
0.010135835681241
0.00937083696927513
0.826651257676072
0.89930943649068
0.979748350317926
0.370240860535654
0.623085542297351
0.234755903312297
0.0157923401817915
0.295140357849273
0.182511179835582
0.00413254416906059
0.00337679359284893
0.0239146467048613
0.639355848262765
0.505721935387626
0.0722141862007889
0.154630254444125
0.086752373300984
0.947241835747689
0.19663063637728
0.329784553232083
0.212077514562974
0.274919643116809
0.178375977796242
0.52473726953931
0.357029580519425
0.0430801912655509
0.228912747297278
0.857249985181748
0.212208048780195
0.69360589989221
0.81180038058906
0.220274037580744
0.0144124815649472
0.136153884884858
0.365331073755109
0.545802841533005
0.253310828358936
0.320959617490102
0.0921636622136477
0.103701260343788
0.232141371680074
0.0800954053059018
0.230906961204341
0.00397055765189786
0.00423209236216042
0.372810671622125
0.563951988260165
0.072723102030848
0.23828977697474
0.211196599683346
0.214477848774735
0.104083232295178
0.0026345399235651
0.0788043428003752
0.184109970822173
0.125254802799681
0.102963753613835
0.257888830383238
0.422588516795743
0.079238294361501
0.266718877565714
0.00771537354934368
0.947990164212022
0.32438740408063
0.918196455093728
0.0739387036814432
0.025472017044466
0.189187121768533
0.424437793049961
0.684190822023087
0.00895674880911857
0.130247418521233
0.00516492865507055
0.79264526065655
0.0264798644826412
0.0631286628878883
0.132074165236564
0.155167847555245
0.339549936398212
0.0802859856410109
0.321276408053731
0.00498880931001288
0.00496016631327901
0.728088888772221
0.209646092187891
0.847516668720752
0.918219611264092
0.256855592748588
0.175393341984956
0.00521764589245548
0.77243745883943
0.658548129598851
0.47670451412097
0.704358933079506
0.809879206657309
0.00699265236850738
0.363061017832596
0.552796610625288
0.768094219556452
0.583698915931126
0.0180085061297865
1.03530798163531
0.387346613680872
0.27546398040782
0.0144817392215941
0.410407646419165
0.509951853478347
0.0113872958888246
0.79638358289665
0.0105876282328741
0.0125420713237993
0.661792889696264
0.0980787538962049
0.164068920767571
0.828027096025752
0.779398042278491
0.215497998225927
0.00239695807573912
0.590560750364453
0.238748652366811
0.796747920530119
0.609153892819733
0.510502688894553
0.0145071127517817
0.647416823027971
0.809892531813713
0.935272680935905
0.505398782606962
0.0106339461312983
0.828491068005007
1.0572548572578
0.631980582656384
0.0135474145149508
1.03847854670653
0.731280749277377
0.00335105263205532
0.528439715465125
0.00373504936104934
0.0240533983588025
0.0158202796574521
0.632178643489669
0.176065645935506
0.404797969451894
0.353159315788253
0.25764908592279
0.00368857434155683
0.819323548209791
0.487051947214329
0.665536269783448
0.429238249586439
0.628106984890675
0.120264410459975
0.627611732874681
0.770892557951647
0.616552382117361
0.680466100539999
0.117455011132701
0.522369369604475
0.227094189014517
0.20839476858714
0.00318043347225163
0.761934867503821
0.769145991352656
0.00549297658413101
1.17578362403918
0.0116859075489431
0.00481268475703506
0.24770241315604
0.609838976346758
0.304496574964639
0.253235167043639
0.156495269937035
0.481885576511672
0.0042318842229828
0.763006657178463
0.364546939196475
0.668948223302268
0.469429852738895
0.654284818079589
0.00332099590764313
0.867314076020481
0.884767817219389
0.565749449114417
0.783364765976825
0.00188629963896196
0.941199546005394
0.463846030914913
0.712293982969074
0.00201984965809779
0.387057398211774
0.750224344662468
0.00216773057823749
0.736023945931175
0.00201706765633638
0.00179883074641314
1.05857962487476
0.660282824481637
0.612447101736844
0.584039347332817
0.191842147116054
0.527968825785697
0.503813097907129
0.755635541329039
0.810742593905587
0.858342599632833
0.712704821637122
0.332902184624352
0.600010111041427
0.546835197462984
0.677566058489393
0.456679692097843
0.178533906586835
0.302887163316411
0.750599469706608
0.371008773564975
0.504131492467511
0.524891922522176
0.540150464729806
0.376563717173356
0.161882671615204
0.0987233762948459
0.0880241018038071
0.617386443644022
0.670267405228404
0.297139240362893
0.725251177149411
0.533429274828286
0.136600162885686
0.449507539521068
0.659518747610389
0.189780859005995
0.660117960186704
0.512807005991226
0.257573882961784
0.489561671528669
0.323809207095137
0.308602918561756
0.291018847705739
0.0668155567478133
0.477054234763429
0.0947955086590205
0.968407568906656
0.731844688086438
0.702319948458091
0.487649242433849
0.48746684629715
0.575096564022644
0.288486640470386
0.445381349576032
0.273374487257131
0.800877935165631
0.638749148790424
0.492978798329794
0.00434735473392018
0.594396415901054
0.927464029177308
0.475135098091237
0.0743224482155624
0.493913682787437
0.0475748761641058
0.589499888315979
0.975293643758656
0.90362716776892
0.0445582169273055
0.225476497955185
0.536320805409814
0.448149834843077
0.465693041731664
0.113672695856287
0.172964774647313
0.202540614370665
0.00904014102315101
0.0220419684188753
0.91921854806129
0.599123901267159
0.300692325458025
0.708051102455032
0.300062881296626
0.0564653975594287
1.09803394639907
0.447055102614574
0.815861179733233
0.571243999024921
0.654267835887226
0.468783574466186
0.378256034217915
0.766341598160505
1.02592153939547
0.823226389994481
0.819806615195012
0.854595226000324
0.275018642103638
0.579205717476192
0.695909959573796
0.94299063062256
0.816912748455272
0.278433554243499
0.728493848545786
0.470016773031942
0.540814547854011
0.242747643138623
0.821546002228752
0.754879803186495
0.082366526084018
0.918819771985849
0.236073967822031
0.267158526488004
0.707740618308003
0.0487865395099974
0.590837811613795
0.772064145315496
0.65088212690601
0.690152822068321
0.067684056546731
0.559867334739217
0.906833069678457
0.850402303989901
0.589650017143955
0.748564318283474
0.0461694774615447
0.161264596582535
0.388310765501183
0.342298790224081
0.530274683953659
0.00687000849711891
0.810301274974525
0.392927280026571
0.423870121307884
0.0118517580334246
0.803841495355015
0.71540379364272
0.0105897696912122
0.863267495004283
0.00293218958464781
0.00408430101094167
0.855002291916901
0.232340403348523
0.625826693608532
0.323345788617783
0.92488995310362
0.436307915852128
0.129229913140463
0.649829121887786
0.748074914445507
0.742139404576078
0.900723311156494
0.161256318982804
0.0229388579615087
0.82188938669083
0.535068158630894
0.644964292124274
0.0871239636205299
0.0188827370804309
0.480768313679121
0.779151707858321
0.175579327302438
0.0176819948546181
0.605855616145014
0.0974808243732385
0.0236517588835405
0.376420899371401
0.08178342553537
0.160195395850235
0.827833246135737
0.786078588074571
0.733288830510168
0.614751106103409
0.606513575226381
0.670661398697076
0.146878763015195
0.41188409881065
0.467422019011844
0.543808277514628
0.693986520925339
0.782712479685526
0.0216101244282232
0.564282590398587
0.508643521376228
0.493069910452966
0.702449926192598
0.091095099125604
0.631014863613336
0.34433132363774
0.586451045997056
0.0931803748391816
0.537351745450347
0.492257360753228
0.0110178756872121
0.275303823407566
0.165169861196604
0.00718184373494492
0.592892117138812
0.308577983783259
0.434686910729267
0.162620215515813
0.477205037095953
0.682047721690968
0.24197075003569
0.0495606897116385
0.342997726123386
0.447217920259776
0.783583222909158
0.506510447119752
0.223846876892594
0.336932020907704
0.430617481433047
0.385330365438648
0.386578495555167
0.797163505796535
0.255062814220393
0.423438298774782
0.469892469304193
0.639752910054756
0.379034425406622
0.462021731577874
0.66748943983399
0.728561851123724
0.398914272804214
0.494739743312774
0.389129131209645
0.00497806124251162
0.00823262891543698
0.0639713481204524
0.0466225219173365
0.094687232650578
0.0495175442909462
0.374893673358406
0.00419193619395495
0.186501878514483
0.0151420004699134
0.109524633199512
0.00570962327290568
0.180480399909497
0.129479946925813
0.0460952166024376
0.128414926198842
0.00246972018208554
0.0611340048905873
0.105648402610496
0.124784593034606
0.0232943813029299
0.0933980453209269
0.214768950254353
0.0281285888554259
0.383956849715964
0.07454014578837
0.0682824042243224
0.26321538838444
0.465126287737378
0.280944646759904
0.38667756499896
0.498561564331267
0.218660084012683
0.117533189454113
0.860929112614921
1.0314599344553
0.629453817186963
0.897871113051888
0.703183609757606
0.0208441375637675
0.998824911077767
0.856673944523891
0.781611333528039
0.3911841682008
0.268455517860918
0.741510782460106
0.835121530113256
0.426230421458418
0.188904453958046
0.908009949008307
0.403155073472379
0.202095760620273
0.552772739814986
0.229106682134889
0.163584270500726
0.798051157118523
0.65068587690365
0.0220813137295125
0.792097858796857
0.468612223195391
0.332761957268197
0.417455565635193
0.759318428450967
0.346936864503904
0.188247828015011
0.220330940479453
0.250403124042169
0.0852597841259215
0.141188751130437
0.463003485271812
0.286424125756366
0.30054860378711
0.204286586285706
0.51157594940982
0.309976129048691
0.0734873815853721
0.151699276666114
0.506250712614765
0.332731724274984
0.185977456615084
0.267791116463276
0.235982093629961
0.167127583201462
0.0574361084581063
0.412393578780032
0.317881230512622
0.217851161217661
0.0656882876739025
0.0677828660396058
0.00435733941317386
0.504657316932785
0.658321330114794
0.758802180190355
0.353148894249141
0.574317268890207
0.079379347552141
0.777058144178865
0.691550780590504
0.393551661040921
0.455875450970566
0.189547366091539
0.870109655082094
0.239371227677598
0.429608753989353
0.165280045188208
0.348126086460726
0.404693569256137
0.160933757655947
0.595338938259097
0.101934171455048
0.0514354678782747
