0.0087733200811497
0.0042545755370939
0.00524651318748
0.00297196934037866
0.00440208872029136
0.00226060426828793
0.0028370237042994
0.00257549955561801
0.00355270404267142
0.0182987386262829
0.00430085703386245
0.00393140583999883
0.0376294334680309
0.00496326250163025
0.0063162815829845
0.00426529166107573
0.00305258347588617
0.045733880296302
0.0103841321333531
0.00372107918533599
0.00419874825085125
0.0034577570562556
0.00236325864008709
0.00473671289675644
0.00607302967028529
0.00462616255149213
0.00362450239713621
0.00270708322530972
0.0072101614764953
0.00628220948984374
0.00300378092553813
0.00331051216287814
0.00243660338257937
0.00397532977794686
0.00428332015180694
0.00710092811602099
0.00466951151525434
0.0034999127542882
0.00248552639318142
0.00295035142280721
0.00445335741257962
0.00381403641937755
0.00933942628981421
0.00138333599104331
0.00415476437545697
0.00889753073104494
0.00253086277376974
0.00465884368665657
0.00556687240712854
0.00405286048105243
0.00415966957852519
0.00355614681071494
0.00353592019127932
0.00192573634019855
0.0101257111738617
0.00743003945307813
0.00483430770703555
0.00224609164887112
0.00210045368440264
0.0063759243841259
0.00339041493287994
0.00684345384314735
0.00405460902700366
0.0112746796139638
0.00858520437943426
0.00377634462769863
0.00464007130288875
0.00424650143966177
0.00896846012604074
0.00492658632330173
0.00631090220984683
0.0048781466956131
0.00437375985662142
0.00419763955648098
0.00650525511119243
0.00546147535961305
0.00292801637125706
0.00655669924034597
0.00373070350568495
0.00433536612208281
0.00675501926727561
0.00431187141170811
0.00344985114314741
0.00386009067231421
0.00398886922149192
0.00177479476854127
0
0.00359195821796376
0.00323725752330995
0.0131891660245158
0.00601763103719836
0.0492200847528944
0.00648217947366957
0.00247325153581818
0.00255379102857261
0.0061010542763818
0.001513617554004
0.00367237275068844
0.0029868143624577
0.00399828235145125
0.00544468683322961
0.00251172445786356
0.00797190451747946
0.00873131034223368
0.00682417450402201
0.00715584417241738
0.02673984130359
0.00656270597821229
0.00572451055611036
0.00735084499649494
0.0149950461543534
0.00384277906687836
0.0060643274964577
0.0115915322324428
0.0079926455312437
0.00614102310498057
0.0185699967023511
0.0094000184180034
0.00643726880287008
0.00782878120211245
0.00780577019866776
0.00629337713167514
0.00505935492464622
0.00109865711257817
0.0128322881147271
0.01762526095037
0.00512386421185517
0.00676794895108696
0.00430203027602582
0.01319108097098
0.00224188189345112
0.0130310880957897
0.00843516677574729
0.00605403284590517
0.00938915480614994
0.00560970008875324
0.0487096670079974
0.0065774573676581
0.00956112006290692
0.00766301616273165
0.00925659324218528
0.00328362505871834
0.00802452912984603
0.0114074947966761
0.00760804224494168
0.0071312881606931
0.00572122754167223
0.00898436453113884
0.0200510548838717
0.00813749722594989
0.00304519054858347
0.0038285284971493
0.00689591802690205
0.00605595088957993
0.00396459541103052
0.00409009543846073
0.00396424303188536
0.00556549635059681
0.0053973775985364
0.00377445012679684
0.00743388687828248
0.00434202219148706
0
0.00549704979687258
0.00263038824245086
0.00677159318626397
0.00669534286884139
0.00873862812556113
0.0161507508863675
0.00469753481297674
0.0141125092935667
0.017975672869852
0.00670348590788892
0.00462533033569582
0.00664827554785403
0.00760583366249191
0.00461883699242722
0.00784174616366035
0.00375387822812021
0.00723743910723327
0.0138828461898358
0.00394560893575089
0.00503218382527642
0.00701238741510037
0.00774741351611129
0.00415776176037328
0.00699085697482736
0.00663721584288291
0.00388988369490626
0.232007714656496
0.00303697252280954
0.00351797076657749
0.0143048821562423
0.00817168440855449
0.0149570930723437
0.0056882153960314
0.00400036137594257
0.00232327393899247
0.00318373181343807
0.00204770622714957
0.00243129699263595
0.00380642766431752
0.00457267202756704
0.0235885272069786
0.0222196775804122
0.00529762622530767
0.00935912679724736
0.015073853893792
0.00265219753671167
0.00627296666516392
0.00428537319749337
0.00129578809383227
0.00403730019077199
0.00221237254252767
0.00232621752468932
0.00316838869669996
0.00349721155373484
0.00566906766452775
0.00203474480029583
0
0.00509796074097733
0.010389946569482
0.00634820836587446
0.0124559321502195
0.00432178770462134
0.00239363329540377
0.00290308029440104
0.00544910061527963
0.00307574658820135
0.00216370725647983
0.00405825359909513
0.00315316669099659
0.00299819565317813
0.00335858074251041
0.00167877591995684
0.00290509649152961
0.00187247927744104
0.00238646253932959
0.00178381446865635
0.00326170001116134
0.00312922157709808
0.00235472304302029
0.002373251413841
0.00220328727688323
0.00204227305273151
0.00127917438789044
0.0015334371288069
0.00500815503217114
0.00112341585064075
0.00387172865713743
0.00379826262123977
0.00299317433100023
0.00354919349330821
0.00429953741643094
0.00304644195866814
0.00500101926619931
0.00517104264946515
0.00186695552964516
0.00312890890190064
0.00892204553713924
0.00307701731159877
0.00174470208968648
0.00343323839208444
0.00615307433426975
0.0019043487465156
0.00356798051659561
0
0.00259172584411674
0.00303594071332664
0.00350206254916958
0.00230546708244613
0.00241369159967608
0.00213868864718727
0.0018299284832663
0.00724323784598449
0.0047584177189347
0.00488175291363433
0.00449231198542858
0.00561405071588077
0.00245671429452797
0.000993346412890371
0.0052447586273459
0.0027136003742201
0.00319448002648012
0.00306594787095765
0.00309820200819013
0.0390372517728557
0.00583427634123925
0.00406696419606606
0.00205816034181835
0.00245391075069599
0.00213793059096772
0.00868663502000276
0.00450264695900172
0.00561664545117746
0.00961547261455738
0.0632074921745716
0.00624312244594938
0.0504615513229788
0.0108429811159245
0
0.00944750545377462
0.0154474596661493
0.04791930585339
0.0110029215407476
0.00556560767054987
0.0053539423626837
0.0044348199187707
0.00625269370702496
0.0069941857512016
0.0509861931936916
0.0510455507127275
0.00699747518731387
0.00980833017688808
0.00275353271764318
0.00405554716361435
0.0030652791137962
0.00565768476358463
0.0137714619723985
0.0127827456255386
0.00348187225045025
0.0660682011918903
0.0309765770340259
0.0041889399607332
0.00561947301200994
0.00707350767416025
0.0113798378893834
0.00885278053037119
0.0600418738393361
0.00581836491259521
0.00573404909775922
0.00525901395987453
0.00462136953167295
0.00572261540788608
0.00346675150864881
0.00693832234635
0.00516419932598141
0.0072649111798183
0.00712542069935276
0.00722682929052757
0.00727986671022608
0.0144205220963205
0.065988118247831
0.00534265202512727
0.00667895878808917
0.00305771049489929
0.00680756602310694
0.00638475416557196
0.00588634949387952
0.00926366844541076
0.0073866188874144
0.00627360404842525
0.0240318375316119
0.0106765430465038
0.00543052004555064
0.0222333696234295
0.00842313707485515
0.00623172691858296
0.00300251453487822
0.0464172495880124
0.00528267693085781
0.00482490085497008
0.00477464615164874
0.00941918119339317
0.00787009240543517
0.0053605652618318
0.0121902455723306
0.00949552547586425
0.010341188289688
0.00601712423593473
0.0168180454639949
0.00341125690725364
0.00507082415945214
0.00454506198711224
0.00230290773609315
0.00222644682558609
0.00880066882505228
0.00782972511605731
0.00375792454956787
0.0107288381647033
0.00581470315482023
0.01124722444116
0.126796775386872
0.00964424653091284
0.00799732105276583
0.00856550581736765
0.00552968724601995
0.00518097820334461
0.0158419705454696
0.00403694257847795
0.00722348633497228
0.0036291772514819
0.00313557581547586
0.00472746432386719
0.00960367287389085
0
0.00687212543653835
0.00287968557437667
0.0198527586245771
0.00566313744240094
0.0029190203649181
0.00590289768414733
0.0052778698602125
0.00421449751745243
0.011475993763408
0.00695015659485268
0.00535430260688325
0.00625563825006939
0.00405533682007306
0.00413763890632377
0.00618011361424272
0.00246819005174282
0.011093415139323
0.00967816358051972
0.0113921728061203
0.00481199576856671
0.00199409014967724
0.00333716147722695
0.00423976808800722
0.00465350663460246
0.00341653314043526
0.00447573938121593
0.00832180536001023
0.00315925121952533
0.00595499233878425
0.00486838811657683
0.00639680668440515
0.00365368457135064
0.00596051347532404
0.00545134525526778
0.00436476278680884
0.00484363290628032
0.00502816911741169
0.00415709727480487
0.00521253003575874
0.00300827177113403
0.00552712602256194
0.007212733878707
0.00310986608683206
0.00210146683111933
0.0013534971586568
0.00184666353711026
0.00161652092745322
0.00389493171821452
0.00378088403123791
0.0100394601480344
0.00410817010881359
0.00936503792338991
0.00152864822481887
0.00334147240133687
0.0471709360933591
0.0043818908926536
0.00793234822643926
0.00398304618380318
0.00372588951146397
0.00321772782306432
0.00341337861283598
0.00357889438601757
0.00766987677789781
0.00790484680231303
0.00587208617072541
0.00266370194070144
0.00350814568710686
0.00608505954477984
0.00669785049716416
0.0106665277322043
0.00269293637410351
0.00335169200580527
0.00323250268838691
0.00359143036005636
0.00218405101480406
0.00384823867389705
0.00192000799033232
0.0032289753219189
0.00348839619774559
0.010432201554292
0.00215997648324288
0.0270111266925635
0.00758656663303015
0.00162266426906941
0.0070361634861875
0.00583403711203262
0.0038888922377286
0.00817212870086269
0.00805161976110079
0.00275947102914807
0.00145864875276175
0.00317005280996537
0.0063160570836749
0.02097394301301
0.00751920158905307
0.00461720504036948
0.0182167384049316
0.00364747860487253
0.00856262177792759
0.00231724955905151
0.00318915211411379
0.00321978320951771
0.00234589315280632
0.00484406324894645
0.00224689147405803
0.00382435866251263
0.00297753068769792
0.00300653705227238
0.00588177813792685
0.00289425887351347
0.016655698494492
0.056759625484622
0.027942485656919
0.00596122728409948
0.00441896346376365
0.00500092245216568
0.00410454344925744
0.00364282131280309
0.00464535445300707
0.00168471761790334
0.00259058235396607
0.00390941311109082
0.00332021978389261
0.00222016026115786
0.00667421109002506
0.00273635832225645
0.0018359950144272
0.00117746419027293
0.00634623503409008
0.00170468612527517
0.00294997165261343
0.00259010691428054
0.00501864177258275
0.00492991254794533
0.00452732135627246
0.00388471133135178
0.00356069693258271
0.00400376194411176
0.00434451790749211
0.00355526507820338
0.00232668311513435
0.00285418329969477
0.00156940423357158
0.00290185652362954
0.00211043977446577
0.0118458220469169
0.0036397335511506
0.00827195606395293
0.0293395675808425
0.00242274996985956
0.00563538902006106
0.00326315582135899
0.0080689943789968
0.00198795668861644
0.00220056906686436
0.00148166219017477
0.00353061477977643
0.00136289560878379
0.00350050246832503
0.00838347461070262
0.0018783060298904
0.0236408080628129
0.00299551133417767
0.0142809510834659
0.00931463575937554
0.0154882227389117
0.00873625053724956
0.0115778790558223
0.00637460343818147
0.00336966494998089
0.00613288894913532
0.00316396159196867
0.010837991804487
0.00310356937943721
0.00792172264004934
0.0599565268369372
0.00585447607339394
0.00300090116686478
0.00401236350798817
0.00150994370760946
0.0214638343674378
0.00403316677086702
0.00365470511674804
0.0044254165663048
0.00224998282920458
0.0234668110628476
0.0175151258858994
0.00941668298853116
0.0395595722708707
0.0151023242255175
0.00536079806106397
0.0087692736612905
0.00374760860018715
0.00372509600206519
0.00146092531205943
0.00341103317507697
0.00364497967171316
0.00133363880764074
0.00449620624960644
0.00563948426501284
0.00354868155053962
0.00726556838640507
0.00315415266800297
0.0193284226557342
0.00898649869487586
0.0120351944906224
0.00427271251374642
0.00314018826182683
0.00575456503706064
0.00245308785815764
0.00540549974289179
0.00345391453226155
0.00411932284381804
0.00284046986495215
0.0343296286882294
0.00267320285060127
0.00168307949532789
0.00342537420472075
0.00493179329951932
0.00183674323912331
0.00215752935436704
0.00439611797117893
0.0147096442143477
0.00407300672182823
0.00156568301756171
0.00510947574789995
0.0074855105998721
0.00751458894572133
0.0161154013119932
0.0089818778509534
0.00311812249920269
0.00396145729798063
0.00253217157552202
0.00262459693839879
0.00239490544476366
0.00350005010013093
0.00562552743353592
0.00348993671602559
0.0108401303350877
0.0377850988207927
0.00354278248605347
0.0276099643100209
0.00353846256498723
0.00323260201016939
0.00293172155938173
0.0068527661029318
0.00165091590726285
0.00390388133053943
0.0481211192623101
0.0254140019458073
0.0110500894085343
0.00426609371360481
0.0064929313896926
0.0034379012863433
0.0169240864665104
0.00164226661934046
0.0129052549118089
0.0106666856054829
0.00421256073455662
0.0029450117087991
0.00726797096016976
0.00761812887861779
0.00298307825813629
0.00581334739797998
0.00708049742276915
0.0122007470663772
0.048825132650552
0.00501962761734734
0.0521550967051833
0.00360554177223949
0.00563671917014806
0.0310928480579981
0.0178572970982791
0.00303528234611755
0.0142328944108258
0.00286353911675552
0.00522110220257549
0.00858421201973299
0.0186400126379555
0.00833459845080223
0.00780219984672914
0.00588675560106275
0.00502418207011071
0.0177790407434624
0.00308270281435455
0.00326443447241247
0.00450177702125432
0.00355179022009745
0.00286607163388285
0.00416539525097975
0.0030507617580901
0.00268281453396409
0.00981159664706252
0.0307242707703951
0.00998153323737472
0.00631339243957627
0.00775876127193587
0.0107701985817035
0.00561043853400439
0.00252398404428431
0.00513925108827724
0.00500848283158717
0.00502482014576739
0.00248635875323372
0.00150256382185685
0.00453815621434217
0.00243940297217024
0.00168452241206909
0.00131669822824369
0.00319288525513723
0.00701412149584573
0.00350909388707379
0.00386101058214473
0.0025958826489089
0.00369125860546557
0.00425119487966322
0.00203621566837849
0.00463175903111338
0.00398766593154807
0.00525723845926108
0.00282331912552943
0.0129868761903435
0.003610989362044
0.00365858545413878
0.0242519076232038
0.00255452936966183
0.00641573816814011
0.00189947695816795
0.00361464108086584
0.00261425496681391
0.00420267466652808
0.003298618773477
0.0043930970325551
0.0204177853579545
0.00352644440579408
0.00163623246438471
0.00359654071433272
0.00448557764465455
0.00173664432355613
0.0225888748680424
0.00265926713044358
0.00422932406641717
0.0340909972685078
0.00360449513807112
0.00476594373276354
0.00217328409742021
0.00387276700411652
0.004365640129017
0.0177617244033622
0.00848797373207334
0.00672563786217826
0.0032500057295218
0.00511411066098219
0.00176917608156514
0.00256727084324274
0.0104355392097709
0.00408123500210974
0.00490136980617581
0.00329791086838532
0.0500768498941413
0.0497082024576864
0.00706867060611439
0.00237605526004643
0.00201934980180108
0.00300438175964745
0.00155745577338533
0.0015587498015606
0.0053097199781419
0.00880801294220393
0.0129326370952445
0.0137704170209985
0.00724413384154347
0.0197547713347893
0.00983947710586265
0.00580407340363695
0.00230461146174764
0.00438711923348711
0.00262514623287171
0.00469372939139082
0.00271847975317116
0.0273097328014836
0.00252796217063036
0.00668843443217183
0.00772249009677435
0.00585006121848291
0.00260415420280271
0.00832906169582162
0.00545869870709962
0.0116765247062323
0.00204821353624827
0.00290326608130428
0.00282939035046744
0.00156768478274623
0.00538502753846891
0.00347367833163507
0.00277032942740261
0.00269957015164669
0.00605643985613234
0.0015346970574829
0.00434073859251777
0.00328805739149239
0.00409257985497381
0.00484253367290334
0.000578113454429141
0.00434867831064018
0.00153364040870694
0.00225223987782129
0.00354907494452145
0.00387550189276618
0.00271323664070701
0.00588748872903013
0.00379786642282386
0.00383202519831902
0.00208829684127599
0.00339781347958752
0.00281528104545962
0.00468797003684358
0.00443653777154839
0.0029468270376241
0.0338916448403148
0.00430665412539408
0.00423166650533577
0.0388090393980689
0.00593508801877528
0.0104473753612701
0.00299455920022386
0.002666345333083
0.00238122284433296
0.00793781414071454
0.00132873070652138
0.00217578846114116
0.00145778465675167
0.00288823156310575
0.00323352901269391
0.0034193562383357
0.00458786841515407
0.00129230373974062
0.00176231221930532
0.001978635109876
0.00610063723015399
0.00599806449314818
0.00546709852494912
0.0107632521383416
0.0039064891658071
0.0048324703814525
0.00350598597843892
0.00630751887893595
0.00465827095804861
0.00671811199413748
0.00419546758809174
0.0029563153587713
0.0583631558660085
0.00449149202724531
0.0017189068488249
0.0029820141393865
0.011752229039109
0.00415692530887145
0.00352855292379641
0.00345980132347925
0.0146857025649603
0.00819608310713654
0.00907364630231097
0
0.00488089784676301
0.00494945911933024
0.00927001338366223
0.0149018736854416
0.0105195528241829
0.00966177312050418
0.0136519185091844
0.0094439934166275
0.0079136411116656
0.00671920575887812
0.00787466956860407
0.00868904001952821
0.0141661969746597
0.00775614658565513
0.00978350593113656
0.00575235548548907
0.00851307322216736
0.00656297240146173
0.0314360353123848
0.00615478872414752
0.009220069303952
0.00983367813845227
0.0213020182699398
0.00659523698706593
0.0138491716996964
0.0146132068827056
0.0150912575164555
0.00994087996831732
0.0172714366257155
0.0119529729650337
0.00778900893161971
0.0129770567509227
0.00589778416516796
0.0100771794700772
0.0157127829640098
0.0142037036396542
0.0224345250622938
0.0224125236693871
0.0224399017866543
0.00654108840805473
0.0170985216183123
0.00544086463176098
0.0114008847714194
0.00954659872052273
0.0112829523274076
0.00492425162419237
0.00988027869447066
0.0121748586031436
0.024094315074885
0.013416996066822
0.0134276729560234
0.0256617053666721
0.00521399860029763
0.0055130803340178
0.00791087252058477
0.0135105796904539
0.00899853986050582
0.0189615613305442
0.00785092480491986
0.016488341363503
0.0145659071882634
0.0217739791145596
0.0141307426447122
0.0100522427304771
0.0111618700517991
0.0135221027295846
0.0139120232534863
0.00386819071651701
0.0160085388635528
0.0227838157627669
0.00313186699899639
0.00699213788151174
0.0100542890248101
0.00753694821683145
0.00879098862092568
0.00829425571934543
0.0191319363895227
0.0142369775081707
0.0374616787986542
0.00762908204232002
0.0110800906791592
0.0126632093886579
0.00704478033019953
0.012673802301542
0.024539565921939
0.00772526853688882
0.00991746912071058
0.0142560265096223
0.0158581209205528
0.021147011158117
0.0154614851955461
0.0153532805768342
0.00681992723943054
0.0164702878533465
0.0865645599261144
0.0186878614849401
0.0229697610052254
0.0350328670522069
0
0.0196877993619675
0.0244954986456847
0.0104398091614014
0.0152839758559735
0.0255780632952026
0.0248835073191253
0.0154870785881655
0
0.0232186990368203
0
0.0421045638768312
0.00965339468415331
0.0224482175377362
0.0152998087073131
0.0106019620728527
0
0
0.0122808684110926
0.0155949811353384
0.0266707336746487
0.00280649489204438
0.0147288180123642
0
0
0.0163983732400817
0.0106666546302502
0.0182201791302977
0
0.00858296833156671
0.0187018820394106
0.01852518649386
0
0.0211298591894177
0.0300938629065379
0.0171315177182882
0.0102016246293223
0.0185361232546529
0.0203911903771439
0.0139845188949457
0.197409112804539
0.00796761828860492
0
0.015054913832737
0.00847635378751519
0.0141109422423549
0.0404867114980476
0.0124839218050836
0.0161053198667676
0.126144463742897
0.0213368602527383
0.0170502553756519
0.0197110778274285
0.00697562400729002
0.0144394392007992
0.0172469346067458
0.0111587449318077
0.0152029027159781
0.00744780910514196
0.0946869522440684
0.0234377503901062
0.167011905083043
0.012150442951897
0.00697161938276645
0.0143090808247649
0
0.0220114125176537
0.0268070009944049
0
0.0387915967745091
0.00963841199532796
0.0257486372292116
0.0296408379947093
0.0175195213313529
0.01161377789626
0.0101031566810135
0.145457714835992
0.00896486217328876
0.0107621285487077
0.0126093104153403
0.00462707156421828
0.00572449372411553
0.0197273931276191
0.00776596506360796
0.0111596807781272
0.0102013190273171
0.0112944789927381
0.0112681601302083
0.00840483224731909
0.00808368877571901
0.0143399535737594
0.0084896922074139
0.00525143889202456
0.0131494241760277
0.0100972440818584
0.00645232563259437
0.00497868816324526
0.0175842560671446
0.00710579424355837
0.0104629616183996
0.00821689525031202
0.00895127387106919
0.00980719211763618
0.0160253006342908
0.00827700511231111
0.0154145021787637
0.00905490782067245
0.00729704362880608
0.0622813367402855
0.00554075592760963
0.00761231943753215
0.00725584845129737
0.00876038795117044
0.010445529838813
0.010554157746955
0.0248122627740636
0.00908945578858335
0.0106486012358005
0.0118291978822309
0.00983132504869224
0.00598466225365383
0.0135406964496543
0.0115215355442386
0.0106017271320161
0.0150611392798736
0.0125864144179047
0.00821069395528889
0.0102232520163324
0.0131074152754761
0.00440347622238008
0.0293519602305604
0.0130897968356845
0.00403824817817952
0.00767505064320863
0.012529165701557
0.00838796169230828
0.00983831806746029
0.0110128952623328
0.0126154074782212
0.0130545348239582
0.00547688066032639
0.00566499913593689
0.00634592330200686
0.0124626528116358
0.0152844486260589
0.00968601570529646
0.0109041928816914
0.0044050770341802
0.00361541014069762
0.0151625625654483
0.0115470621593793
0.00674574635836084
0.00831594032660162
0.00740061819255746
0.00980195645635759
0.010236838133056
0.00890214207677479
0.0370135719516455
0.00933917339831634
0.00876220725649522
0.00678281599528625
0.00772490945427272
0.00891435137616828
0.00278925119082468
0.0093069445388263
0.0135574986513664
0.00689366407324818
0.0115657340624714
0.00415992987805829
0.0028814824246003
0.00485893110564235
0.0258834540517254
0.0464062775439083
0.0055316394989312
0.00541701248380474
0.00602511172601685
0.00509718557042201
0.00543272208304271
0.00496412962127749
0.00944220101512911
0.0439522154191347
0.0130233369159508
0.00919869590262933
0.00714432702468455
0.0119627964294354
0.00377921288856038
0.00438222404878088
0.00485973224061684
0.0421552924413379
0.011544921272919
0.00662428649443156
0.00558676959119453
0.00515973136048599
0.0410127777889579
0.0058955026274421
0.00903373974513663
0.00678146110496906
0.00432528981652347
0.00376226711782189
0.00355239583134055
0.00566688308622886
0.00769430975381459
0.010017684454843
0.00539113643319699
0.00705535825526159
0.00376977028150367
0.00461751211558501
0.00259327762266828
0.00615827978726497
0.00313514858872331
0.00204380134040929
0.00367217258805351
0.00753609584492913
0.00823761582777441
0.00606870129240366
0.00769228617503076
0.00298131710358251
0.0127730867522226
0.00582174250592824
0.00277738224179312
0.0041240130112972
0.00369341751191393
0.00580690871454328
0.0691317992966841
0.00370112880511577
0.00835287756130886
0.00465511145993155
0.00389239588595388
0.0857572610118117
0.00535338487676594
0.0139436231363461
0.00842654074998914
0.0283436327437153
0.0065284315594392
0.00925616484063062
0.00717519898917227
0.00457575912856742
0.00448190312210495
0.00765985942936875
0.00329073074947729
0.0047448256818262
0.00339117882703242
0.0711419385520854
0.0862341231894721
0.210549547217711
0.00388378408060978
0.00767782432566254
0.0072298739742707
0.00652851259391814
0.0633745076702534
0.00519425411190563
0.00366101686753044
0.0363960873193103
0
0.0111600721019673
0.00783162796508073
0
0.0137669924879065
0.0549526498796195
0.0413080721932871
0.0275275601408671
0.0130834749290187
0.00755565622176736
0.0276493115192163
0
0.00764288009581108
0.0160365807751964
0.012398634164501
0.00936114745488246
0.0159598821449029
0.0169773225198005
0.00784588630043203
0.00970437465148591
0.0109844590939856
0.0397193149638486
0.00253692130513249
0.00941694505465621
0.0435691903844229
0.0189624478409354
0.171152715227158
0.193220943033531
0.0234763818185146
0.00916255107357402
0.0319863985920633
0.0155817875400563
0.0146819352804297
0.00683914491753947
0.0160196480703185
0.0131444226147889
0
0.012352495364673
0.0100028437896596
0.016419131923831
0.0148463982831604
0.0162229191227371
0.014798249587721
0.0101097119532938
0.0128835848563723
0.0217971039801728
0.0175334088904222
0.00899135328307561
0.0199332350146994
0.0109020086334602
0.012000373783943
0.0196370087499675
0.0151718910962895
0.0437091592241322
0.02439611318696
0.0244675876841399
0.0123821378502451
0.027625239416279
0.00992515891692809
0.0149622199573283
0.0117658643224008
0.0290867733566489
0.0158578730709203
0.0284443300968776
0.0298589329636369
0.0197265233021537
0.00718586855991519
0.0141660600328333
0.0200115614568358
0.0149550588519901
0
0.0184183997599459
0.0146796859165201
0.0120864565435551
0.0275030210696215
0.1334061032114
0.0300110215849257
0.0341599812143066
0
0
0.00646171542645368
0.0160050358673279
0.0217451574715453
0
0.0189062005447587
0.00614150973901437
0.00297139622328187
0.00301562268531694
0.00505812252994524
0.00530106372050205
0.00420358946028033
0.00564102902229997
0.00344429180950308
0.00773365819954018
0.00289690252812815
0.00431059153118914
0.0106741692819836
0.0028714964177092
0.00608466463583093
0.0100651560368698
0.00534802144438926
0.00338704120901383
0.0382303517011049
0.00339911133558417
0.00416968162547924
0.00249421035909643
0.00619645278244399
0.0345540679748477
0.00270594585198503
0.00336463274725838
0.0033953985960481
0.00526044169832317
0.006641456158563
0.00349064984017183
0.0025266163184495
0.00307710593047576
0.00556240999947107
0.00563300085820934
0.00712173833595712
0.00309784147615727
0.00343648878258219
0.00529275741713929
0.0057338648975191
0.00396856882912971
0.00473896306534766
0.00514456517768599
0.0550624740264508
0.00520953696067881
0.00371501998141447
0.00218031761188067
0.00259611736087093
0.00423034672572455
0.00572799940923548
0.00788932729127834
0.00813851922161412
0.0187211855236196
0.00397989009255972
0.00326852666538468
0.00480112231887429
0.00948657115953617
0.00210172423118922
0.00715010066890971
0.00304606003451607
0.0438039130002087
0.00515503448075326
0.00557964458888313
0.00411336620331506
0.00310190026000119
0.00326950963899791
0.00306050693962709
0.0184310960561004
0.0089652417683116
0.0105622590818921
0.00180880062729
0.00854602853905156
0.00490667646661895
0.00346199086424713
0.00224781308776218
0.00414459215635101
0.0106302740345867
0.00471929975478178
0.0041394553721966
0.0538215439643567
0.00660698095498722
0.00256646252739138
0.00485321116328781
0.00384921185187938
0.00188206453562105
0.014170998667158
0.00167960446159998
0.00329105715700151
0.0069611711391422
0.00630228038667618
0.00485312641891561
0.00839020613073369
0.00634276044188685
0.00359918457791891
0.00544665670647176
0.0101393122341741
0.00630467084696361
0.00451583138539709
0.00495175208999708
0.00379038610718752
0.00705130524679086
0.00587972465681778
0.00310994164442764
0.00876655439006097
0.00231736626418027
0.00518116542450949
0.0118546067054133
0.00354095180006111
0.00691429758841493
0.00409136905539833
0.00462837453707778
0.00572168433075246
0.00838271318456634
0.00471131663090689
0.00475207716445334
0.00178340428302168
0.00545796237902957
0.00692018557928921
0.00388531756109936
0.00700012203909532
0.00404793561110265
0.00959666358182946
0.00790271428393314
0.123057289810994
0.00753115601175068
0.0032138820096091
0.00627403337608792
0.00797640580904654
0.0060949022505197
0.00372760921397155
0.00577203003116582
0.00891843488807409
0.00530932272489905
0.00555970536490317
0.0103583138149683
0.00266911084696095
0
0.0145011250987978
0.00635366121843422
0.00439979097541807
0.0069850064148719
0.00762853094806474
0.0985345998578619
0.003346288444277
0.0201156553424729
0.00699149393932243
0.00461824133889814
0.00177607192175582
0.00470598195622177
0.00613795868939407
0.0102820571771492
0.00438121066800964
0.00419983185963778
0.0101892838928724
0.00352873857091599
0.00289556453276473
0.00772084260142203
0.00326226682124937
0.00328709675502987
0.00529375936770552
0.00274695647160807
0.00595817759090365
0.0063932791022011
0.0460772095644318
0.00849621318905459
0.00360419973182825
0.00740386358567068
0.00287109578141747
0.00535557477799257
0.0033332466665912
0.00410021952268764
0.00824537531815857
0.00153779228956146
0.00445494153443203
0.0036170935439282
0.00171700461775364
0.0038169291406507
0.00471991585026071
0.00346742324419393
0.00544714817963441
0.00166914916470737
0.0183030643163958
0.00938148680963486
0.00781131759636256
0.00277039663226524
0.00345617393033957
0.00230953168706036
0.00475892191771208
0.00346500627733461
0.00303905368311088
0.00224144454838605
0.00199635221889775
0.00508011675484469
0.00273333090322851
0.00272272220555453
0.00393029688949278
0.00360470526405557
0.00222544400256749
0.00132173103343287
0.00650946408145185
0.00155496312542398
0.00144818566090915
0.00155898152842631
0.00364135093303596
0.0016974580596971
0.00270375263883212
0.002311372476529
0.00565999777646526
0.00358002838832317
0.0037067159025826
0.00199878801297056
0.00155331350489128
0.00162724001239146
0.00521761209269048
0.00386725148462595
0.00211674508841881
0.00369202170115322
0.00276443647530473
0.00516178107642672
0
0.00155553356416815
0.00233496644600455
0.00129350051184717
0.00600410407486244
0.0028827632071686
0.00372959473946674
0.0073716984526409
0.00225892302859793
0.00524681535426496
0.0345564684422341
0.00378936240599388
0.00252282774699333
0.00205859302721234
0.00147580567324025
0.00570807188856669
0.00485000424273285
0.00405605798375898
0.00260158706375
0.00669368208978962
0.004319795615123
0.00211452707819726
0.00610654002342837
0.0028610276587674
0.00497421943973824
0.00179008641275474
0.00861647891513325
0.0481751480828373
0.00365169174339963
0.00377278142419639
0.00288845374740419
0.00241587491565715
0.00224934280645023
0.00461949922395671
0.00218422135382726
0.00553314844996256
0.00675998860362049
0.00494316555147024
0.00430718181122821
0.00216052619448244
0.00613998388782072
0.00421581392938918
0.0155012975597904
0.00517750549439981
0.00479684113257605
0.0405728246944944
0
0.00359505766645568
0.00423987946444161
0.0217047750226448
0
0.00286647274570597
0.00261700741137786
0.00391390378044547
0.00495158167249348
0.00388728900824895
0.00478317882933215
0.0161356220869273
0.00322210142953909
0.0070063143927717
0.00563211266956542
0.00164445297871259
0.00861763103742299
0.00295272246120656
0.00404859101459258
0.00393474190995451
0.00234305107247404
0.00461083009887288
0.00403119878032593
0.00312439548336851
0.00201625088170814
0.00477663882895723
0.00480602209269941
0.00295102033450663
0.00305300310955821
0.00309204275487693
0.00198874548934215
0.00177459088344783
0.00778437752215435
0.0025525521085813
0.00473859653685463
0.00556241599180922
0.0196410167644544
0.00258188610387494
0.00331695121877148
0.0035244023617892
0.00470056524369915
0.00266611310944213
0.00399026133216216
0.0141785308072614
0.00537313554277558
0.00309329321534816
0.00264037691290915
0.00704235195448643
0.00278674328471331
0.00611092238152245
0.0025565425357729
0.0304922949793715
0.00665954592582472
0.0082681400569564
0.00269087839240526
0.00652178592275036
0.0115198266066292
0.00343438110077237
0.00596229499816233
0.00325846576765571
0.00353860287545117
0.00526645106531823
0.00593441926314041
0.0459765851959929
0.00326130804753382
0.00490643155010866
0.00298298994206666
0.00241753178886924
0.00173314902590286
0.00938132984750551
0.00254692165179012
0.0154822400371103
0.00291016669724243
0.00169476561970211
0.0036194821603816
0.0041281223840978
0.0057656473772724
0.00671609290796797
0.00462334309088496
0.00559384537525972
0.0181466676937205
0.0136297245078913
0.00915164821924585
0.00464570043935364
0.0182289291180817
0.0051218884448377
0.00440621369715745
0.00408499921833757
0.0024393857651317
0.00288536524175854
0.00318236172756077
0.00329506426416617
0.00168742561595515
0.00421310041668869
0.00326582469439185
0.00430925190339415
0.00203735176705025
0.00305785385431355
0.00142103545995506
0.00301286040603594
0.0022509594678459
0.00214278640468997
0.00328343381621308
0.00256659481033664
0.00302065038210369
0.00799204838987438
0.00202535560174266
0.00373058370980834
0.00310690314228062
0.00636593865774595
0.00583433499596067
0.00440303526902459
0.00433980500286606
0.00242478020211927
0.00636497363454424
0.00753861228312624
0.00635598592225836
0.0465485844986939
0.00209349234736226
0.00356793287529759
0.00289281010686191
0.00753857017191646
0.00380474579346338
0.0038597473059305
0.0153617187427121
0.0253452207891733
0.00310812140036523
0.00630848798092103
0.00670904204050685
0.00240989821637985
0.00307822470249082
0.00174144951455653
0.00692368855564265
0.0115025858343586
0.00696939244456488
0.00272803358631699
0.0053599479103097
0.00326154731765599
0.00223153065352478
0.00411270977086375
0.00295647968612963
0.00490933329707127
0.00415306806698396
0.00510107116610623
0.0605330095377765
0.00613460068628128
0.00268635372893174
0.00348889664461644
0.00170764983641463
0.0036502865913911
0.00626858969425569
0.00363559109248329
0.00557669761372038
0.00186831159768334
0.0030342174572405
0.00541834355929503
0.00180318061150685
0.00720701398749877
0.00552400526009055
0.0175918922019142
0.0240199006973101
0.0124162612141001
0.00674225889583258
0.00364857915633622
0.0237530620800062
0.0016321461675178
0.00687276991718795
0.00370472378315933
0.023590550603693
0.00695095654502412
0.0074864214059545
0.00317756332167767
0.00376506347187255
0.00616838769649798
0.00761918021546947
0.00162368357244288
0.00264865200238612
0.00524354763399406
0.00197558203935811
0.00232855175050622
0.00167917095814544
0.00516114035507824
0.00512813698089161
0.00419608574951257
0.00583860404981883
0.0135835910376706
0.00408291923238763
0.00427155599183707
0.00535912534446877
0.00542759035662434
0.00545623960266339
0.0052962632031471
0.00301752541179145
0.00403066352879442
0.0400550794021267
0.0452231663940897
0.00801402663122981
0.0191782863752116
0.00323564685332042
0.00579318297098602
0.00238865512529223
0.0129088374048368
0.00272914001294389
0.00302481940905761
0.007082468240522
0.02100130573885
0.00314717277610081
0.00347925733449123
0.0110264480781775
0.00950971847648346
0.0197227735382943
0.00229647897118318
0.0255169609405486
0.0156254126258642
0.0176690437901932
0.00467447229267064
0.0128659132381028
0.0590533088221109
0.0185931038284867
0.00519959415378136
0.00535317275796927
0.0134194592529428
0.0391327723156065
0.00789287525766849
0.0609353720753535
0.00593077051015585
0.00219034388563836
0.00304950131953624
0.00234526782207859
0.00562799954276685
0.00760597403583447
0.00297770284897305
0.00316728182374226
0.00435308219032202
0.0252599314686168
0.00777457118369005
0.00982854044037541
0.00404671238721443
0.00677543123621328
0.00997983997500905
0.00996417153178549
0.00274515846959438
0.00255809204263898
0.0295621772023571
0.00370359320769211
0.00303827627905036
0.00274132789079444
0.0160293194384551
0.00618090442085168
0.00346519936271385
0.003357870746087
0.0272737088249856
0.00549369753394295
0.00650990828954914
0.021071941482971
0.00113660220135344
0.00194140922533243
0.00221942684331792
0.00394606744092355
0.00203659640449997
0.00362304255371856
0.00576930190831988
0.00443145474647733
0.00552940790837595
0.00571540150812673
0.00450623435686307
0.00189315059614966
0.00264282845002709
0.00239114946709194
0.00398071744348001
0.00510805684922911
0.00670019470231163
0.00488456367218294
0.00452056968254509
0.00600208334871851
0.00823666111151484
0.0342862088269056
0.00646389829827006
0.00320017027574829
0.00251100387405819
0.0388912760352596
0.00716844130269522
0.00302271638171304
0.00386771810976482
0.00694280882678845
0.00481307938360669
0.00409358150103685
0.00467530262631788
0.00301557385914595
0.00345733532059539
0.00222281372495907
0.015035744511583
0.00562734234462265
0.00860016406293329
0.00315986956185621
0.0072612858194968
0.0047106565892143
0.00215423441852516
0.00535792061653241
0.00537665853402178
0.0100995789701334
0.00733858261288749
0.00491040682098966
0.0558642066540672
0.00449658986628678
0.00433380919489122
0.00878119123462831
0.00281485203226486
0.0413697117648272
0.00737110066391767
0.00263555894593563
0.00188574350259027
0.00585490511033389
0.00494369381059261
0.00507247559769909
0.00641344526403209
0.00585212704628698
0.00945572385640753
0.00586807572577691
0.00443441030051795
0.0030853207675989
0.00564936686817357
0.00373864349841464
0.00415312073350777
0.00625824592236775
0.00202266767580277
0.00280252638338948
0.00465599887582279
0.00444057831225358
0.00293722697416256
0.00409001860323162
0.00826442963566065
0.00141065579734063
0.00127132999228872
0.00295915564477187
0.00229252126017148
0.00139386185920788
0.000714092218549837
0.00319769304549882
0.00351098073079214
0.00579735617826493
0.00339906303620199
0.00388681844046641
0.00476272010575209
0.00353438485042035
0.00218957018160051
0.00664953854871511
0.00218790496345468
0.00299516032297251
0.00397559604117429
0.00400670256319888
0.00601177999320851
0.00541609691222965
0.00810424166776759
0.0180345564925949
0.0240144768990653
0.00599943382140977
0.00136557164480258
0.00506614136781873
0.00253156166104736
0.0037556863419609
0.00624493660494496
0.0358066382381057
0.00196636539458532
0.0237987154367063
0.0135107837304671
0.00245233820085906
0.00131508357217559
0.0013197862875273
0.00525247863505551
0.0107277773177262
0.00657450467826935
0.00806278298055993
0.0058372980259413
0.00635678929151723
0.00270796689418595
0.0017115725512032
0.00310759157710848
0.00533699015851482
0.00289799272610181
0.00524467761534457
0.0574460680763991
0.00552276394216294
0.00576784549884324
0.00208543877206484
0.0459567779296354
0.00219878195104472
0.0100444250711929
0.00610302301385863
0.00747791125610313
0.0117553907581441
0.00928828279794328
0.00518909527519314
0.00859912393883232
0.0102947869010576
0.0123817065748816
0.00762505920713936
0.0025053252908961
0.00224194424572418
0.00161410217960596
0.00274533523343366
0.0062902234986119
0.00453291002934825
0.00462134965997822
0.00340835636024516
0.0025682899503091
0.00303367906664701
0.00327588375402384
0.00448055425269458
0.00376775667431571
0.00169330057241739
0.011061810487039
0.00224027219950038
0.00408691191413609
0.00397426284633941
0.00571161110904966
0.00262305956929888
0.00215113205494156
0.00289310559887804
0.00229153435027749
0.0012274232003273
0.00312879909104409
0.00429066234891554
0.0194553583650688
0.00214162184973555
0.0113770539843886
0.00402838606193518
0.00328197669930525
0.00705137550745742
0.00472308815266104
0.0058211348917981
0.0250102382261836
0.00322135533350471
0.00247547557594808
0.00308990200675304
0.00953388773930222
0.00219078060241594
0.00299458188500956
0.00289563737619171
0.00269806488103045
0.00212294765444358
0.00450888793708568
0.00477658410254844
0.00183607881152956
0.005000392293572
0.00171549744004888
0.00817554326829377
0.00149385389820005
0.00716868238539574
0.0039762234420536
0.00807848071275131
0.00992492570908293
0.00466546823431114
0.00552702333016297
0.00633742373126991
0.00395665544350835
0.00371813664104142
0.0072984089183729
0.0565472805568501
0.00576650219739455
0.00265865941477718
0.0020419076718081
0.00300836304873857
0.00254417285987593
0.00614984380654029
0.00222271818334323
0.00157909899375298
0.00785557147065106
0.0106866655794384
0.0076417324683059
0.00825461172340692
0.00859619691865937
0.00249337849251704
0.00380718756550873
0.00488534830053689
0.00565309432989342
0.0996249627667936
0.00449729879170024
0.00424036334269358
0.00654843105883206
0.0147895860914014
0.00593304492546599
0.00950586283045475
0.00957675377328633
0.0035201376006197
0.00790566283797297
0.00218939514510754
0.00669822542052811
0.00350892269200258
0.00772590821245012
0.00306554428880659
0.00333099100438276
0.00725681448578669
0.00441659405991255
0.00861490717623382
0.00340639892381599
0.00461157788324168
0.00107758426975159
0.00395997396656181
0.00470149866118914
0.00566364042199513
0.00366457166436658
0.00346157961906268
0.00378507925288589
0.00363913335253429
0.00422108138962153
0.00870574336675741
0.0104234797224099
0.00789920135010908
0.00980149061222232
0.0055564727784813
0.0049496418293681
0.00635357075602482
0.0133529030013077
0.00183284540667619
0.0113059827557577
0.00671537329920382
0.0056373964281663
0.012469591403826
0.00366074356778105
0.00857430318988207
0.00457929036405472
0.00686263576146309
0.0205506208532471
0.00736263914848003
0.00471036063304035
0.00381380289695738
0.00564473970105468
0.00563147573863641
0.0113377346964712
0.00412026062579888
0.0144972314135377
0.00271275067006863
0.00883054407876646
0.0566147685402192
0.00172936335565616
0.00614786980713883
0.00727907678242774
0.00427015133809938
0.00371275009793078
0.00501303612423492
0.00214277332031842
0.00737978878076664
0.00411065933087157
0.0143869322764248
0.00546370295430471
0.00807140746586719
0.00735631679826524
0.00443727610657204
0.0028392320392941
0.00442917167553616
0.0046324724956681
0.00757542293313132
0.00269872912694399
0.00652840019145089
0.00222091273241154
0.00329235126037041
0.0042673499278685
0.00190095842684636
0.00321120486585431
0.00374187559855915
0.00232376370979272
0.0021401669408992
0.00190394260448424
0.00345219202110093
0.00376787477180131
0.00260797053762821
0.0060563401751578
0.00806158583942529
0.00580528678905281
0.0059400969516405
0.00458514606578133
0.00864341275801362
0.00469794364848402
0.00320968278287667
0.00433405191334415
0.00213218740506227
0.00436890944752789
0.00251306417655652
0.00330100153718234
0.00350972950410959
0.00386271252895244
0
0.00368151087423757
0.00227073564358017
0.00307203439553444
0.00390296986463198
0.00926501522251821
0.0105829119686774
0.00787929846601937
0.0153506775854452
0.00497642724459743
0.00333428873950898
0
0.00902806416896478
0.00509321450593341
0.00228924960141931
0.00687591536044476
0.0121266464235111
0.00466463447769494
0.00241123781034114
0.00665996508848876
0.00472175733228442
0.00443352831986144
0.00855228898905414
0.00311981167916099
0.00384125137208926
0.00862134546493193
0.00314749749747784
0.0502941669006129
0.00196283253035208
0.00268187831466291
0.00368184516025402
0.00431588138476828
0.00361286488442096
0.00312565272535572
0.0011696507459791
0.00430240037302737
0.0026725968158694
0.0120854739410371
0.00221645651050417
0.00736724642309271
0.00502805173298911
0.00664838504757558
0
0.00455961721680072
0.00712804030624163
0.00425627366516725
0.0328321938191498
0.00427659805901185
0.00763856594197882
0.00548537103541801
0.00735874662333318
0.0452910376197842
0.0104722647315226
0.00707121347567509
0.00968677009610944
0.00521759009657366
0.00389124321802811
0.00612551579749182
0.00387840655809093
0.0246885999586995
0.00513004730707272
0.00852651218039935
0.00783184299458364
0.0043255732260069
0.00660203633055812
0.00610686644319153
0.0114216780155167
0.00405718118742564
0.00423230155891277
0.007936839073386
0.00507081824841076
0.00481829196320506
0.0128033399326558
0.00497615003839778
0.0187996585588696
0.0071133322642688
0.00548906905355858
0.00319298336408192
0.00418814806248668
0.00473294468807879
0.0108897035848885
0.00355751627739106
0.00771527365801226
0.0105804285559646
0.00631051627952032
0.00213962107846307
0.00785990143556757
0.00462234002105001
0.00417712238910788
0.0119673420251264
0.00461496804999376
0.0092075351230656
0.00349402113178995
0.00670256870859457
0.0107944154746598
0.00550907964558213
0.00294981177277343
0.011638174463305
0.00741229104243884
0.00832219995298747
0.00477682405378087
0.0504193690692077
0.0141886658723222
0.0160163225989647
0.00861220891379204
0.00742542921693724
0.00721404286767113
0.00680606445527787
0.00214311673414922
0
0
0.00674703300984077
0.00570191831224639
0.00283197174315736
0.00551001111400736
0.00495043452075223
0.00509614416768863
0.00820823930791861
0
0.0103981393638863
0.0044851220043495
0.00648510025094631
0.00225938862399133
0.00321710919033992
0.011867633818531
0.00413459899228801
0.00290841998817172
0.00206757095172636
0.0047327184817895
0.0062446381466212
0.00731452743665066
0.00590239676712242
0.00271687250975589
0.00518247265516931
0.00900895592734307
0
0.00583616462265332
0
0.00580707757605201
0.00831070826468249
0.00572632154190465
0.00938417535644045
0.00379484446027281
0.00932913204162119
0.00648349592729822
0.00413560307298892
0.00398560754534598
0
0.00633826241406073
0.00506253271984851
0.00369583630425634
0.0125600532410298
0.0058207961407548
0.0176140289154264
0
0.0053575613475814
0.00621194215063981
0.00619817471690007
0.00135108323044072
0.00568696818151854
0.0034151024146338
0.00451797860618371
0.0037271620516944
0.0016544852280796
0.002497818431269
0.00814352710122042
0.00422448059689961
0.00264694884092731
0.00377182065198263
0
0.00369976656680174
0.00523387613318813
0.00253785880513549
0.0150324562595253
0.0281943311337736
0.00224395487100317
0.000707329281439288
0.00618033495501697
0.00333153705934538
0.00525506746907077
0.00336069566509365
0.00936196140277575
0.00763728594196793
0.0103275139582135
0.0120243396615398
0.00839135454221711
0.0101702806737581
0.00642458239629802
0.00697509993569075
0.00407710065654677
0.00817994620484607
0.0211594978186113
0.00986712633222662
0.00782246706328919
0.0136358800034765
0.0100650356357046
0.00413863821874289
0.00422784805550275
0.00637115607705515
0.00726037063290054
0.00286424025452091
0.00935148918845555
0.00390231975883668
0.00642883355437934
0.0165293372455644
0.00536507071372847
0.00443518697043933
0.0041567878543094
0.00766785032276126
0.0013242109554027
0.215878137253737
0.00317281932541337
0.000961242554764353
0.00331359813500978
0.0154135778178836
0.00521899856549907
0.00420103490953637
0.0160639629006551
0.00871301140271384
0
0.00324002817801896
0.00635840707180658
0.00616074381430897
0.00396215308224503
0.0118315531307488
0.0210512043611159
0.00842401639991783
0.00497124495072206
0.00493648278602185
0.0125662177655896
0.00685507022989462
0.0124988375072073
0.00862557620677333
0.00884721257095395
0.00339285717104222
0.00237369501657223
0.00564066417156825
0.00662311377350479
0.00447119625196127
0.0119284968898128
0.0108177957701301
0.00547304384582261
0.0108486304145118
0.00983846916115551
0.00938272341788907
0.00897036128690571
0.0557076797954545
0.00885757278364391
0.00851585969055574
0.00586105629084836
0.0058577099610199
0.00726261296739711
0.0125552665100233
0.00586190612376239
0.0136066744957722
0.0145720400830149
0.00821357579619095
0.0206347735033104
0.00647265145119692
0.00952247198716728
0.00992523413778791
0.0584035530992921
0.077357439417599
0.00586755007167992
0.0145980619145944
0.011019462774701
0.0140978121048412
0.0104037535197923
0.011390919597763
0.007122473602033
0.0071220080668998
0.00790396584130919
0.00685455841357185
0.00447930210632566
0.00727949792434004
0.0531070387233235
0.0135468515188815
0.0108103238936715
0.00292705646734799
0.00994267248567076
0.00286889790433543
0.0379839017121288
0.0116869873658188
0.00492792958992977
0.00191169132659609
0.0239745713935395
0.0135033107683476
0.0111976161577382
0.0173000206571141
0.00533205290436519
0.0429505350960046
0.00791916196810992
0.00445671523956662
0.00594788087439382
0.00940493598245841
0.0089478500091962
0.0186307107478113
0.00354020720275907
0.0128017602171326
0.0118059894832629
0.0111610086057656
0.00395764034369653
0.0159068383921745
0.0119685418293377
0.00566514939334568
0.0336316435771431
0.00674640667263729
0.0548213608349762
0.00919323561780428
0.0092205251121699
0.0104164692760767
0.00956664270700259
0.0171678654689764
0.00918001018056129
0.0102228379537094
0.0427654475088551
0.00737632400019966
0.0419525502287408
0.0072404499366675
0.00229548280864217
0.0148357493924258
0.0130855240668695
0.0068238014337055
0.00266518870539459
0.00442787707437645
0.0108337693646266
0.00747593919036839
0.00588921311620571
0.0069577707503006
0.014014943362495
0.0114793013090808
0.0152793746886605
0.0123505596647124
0.0207930249628091
0.00860374626895938
0.00932641142450144
0.0290421570476852
0.0125446290016001
0.0359010602589529
0.0195891646471232
0.0164277178669449
0.00533582541967983
0.00607119049164196
0.00884253582998337
0.00609587291088456
0.0294715610028837
0.0161637588854264
0.0226454722408019
0.00969819820303511
0.0101784484465632
0.0152679235915725
0.0138873888550818
0.0160746959367287
0.00658792370923092
0.0099964284230567
0.023541721736221
0.00939868433662815
0.0063643565053448
0.00797956864974818
0
0.0136370678302536
0.0216994577047503
0.0108564920843319
0.0101649895029791
0.00395971361403264
0.00578894752355165
0.0101056751212199
0.0105650575804457
0.014549478821744
0.0130683154559997
0.0182801459206419
0.00614187128085777
0.0130086983573321
0.0140127596477454
0.0152755309592028
0.00739511643441674
0.00615509290040278
0.0107853818074556
0.00798322929082995
0.00799521667032571
0.00889071729350739
0.027713701924157
0.0100968316899306
0.0112411798888358
0.0148388697103397
0.00735689729563925
0.00775826199889975
0.0436978719025524
0.00442278440152988
0.00391852325236708
0.0135551370381854
0.00788255729713456
0.0143231877130845
0.0087851071430491
0.013410815984631
0.00220003235324201
0.00393395068806138
0.00192343895512615
0.00275844982577034
0.00548776252828077
0.00361804741538048
0.00397574206499959
0.00654021408781643
0.00366829561024518
0.00346734789849251
0.00507519228214872
0.00821082643763322
0.0075826585232856
0.00940128777700231
0.00463761375383272
0.00648694768580001
0.00268116572152718
0.00654977093116939
0.00409229384338947
0.00587394927597483
0.00758315879580814
0.00489875617244738
0.00193155079218404
0.00550828350001122
0.000922104815220401
0.00461096706639931
0.0035662353680818
0.000832852121629481
0.00237262741088923
0.00810801033836134
0.0094074818153767
0.00636932626585913
0.00704732515034253
0.00298002123251147
0.0537711559929255
0.00374331406109388
0.00130110265693778
0.0050316001161546
0.00401642781232954
0.00381997504292349
0.0100846470569477
0.00294604360470402
0.00664761678150503
0.0049725628084066
0.00398580157190576
0.00672678118452069
0.00415577880339287
0.010991436834788
0.00204847384329579
0.00723118313049717
0.00668783117341572
0.00301750950335898
0.00437762169617744
0.00900560506712923
0.00452876783690257
0.0168691273300709
0.00127824145796376
0.0064916389862483
0.00460691376860305
0.0096254493607702
0.00584949853131373
0.0409619394508095
0.00178676916715687
0.00308332515766816
0.00626673373267073
0.00683933909842427
0.00340771875844428
0.00367823079096364
0.00464437662249939
0.00531744814405552
0.00665255272859684
0.00363603762796335
0.00390402129465809
0.00357892912768978
0.00334287009612913
0.00897571570975915
0.00303814171850921
0.00265314779199236
0.00291911509479517
0.00498607913664282
0.0181170281725796
0.00236949215415123
0.0013115106371369
0.00272774135281733
0.00221295823675097
0.00175904261019475
0.00280445840839328
0.00343951491848654
0.0311817272872283
0.00506946271393426
0.00135741995270361
0.0019539401674122
0.00365989201541394
0.00516129532733363
0.00299290391942601
0.00199419518342328
0.00260092060667202
0.00371208618277215
0.00260430536985526
0.0314031081379149
0.00201969573247163
0.00457615515593847
0
0.00539453157623424
0.00230844366069403
0.00278292750829495
0.0028806551378509
0.00130185306971225
0.0175281166261573
0.0104326478743026
0.00626290509681427
0.00460011704225061
0.00449367500785929
0.00862519240238345
0.00421228485722102
0.00396396864742766
0.00338693664874889
0.0137002804125238
0.00752589650073324
0.00366164951238363
0.00232455173992977
0.00811486127080698
0.00275467489665222
0.00276028746832364
0.00268923973113147
0.00568730413108141
0.0162256488709835
0.00241686565559422
0.00307853418034801
0.0475803673549118
0.00690961219454397
0.00330666675793382
0.00725007396484188
0.00356568278245676
0.00202858596720541
0.0046085511288462
0.00475790633300267
0.00606264563190219
0.0174978074579252
0.00307859493813152
0.0418284058537165
0.0398128090926759
0.00554729204347319
0.00682736192945951
0.00306660133696503
0.00574584830801309
0.00943679722359971
0.00628007126271426
0.00120998585474474
0.00522263726667384
0.00512317075635245
0.0023070174958386
0.00319683630391549
0.00373570538221855
0.0065409171120282
0.00646436344429093
0.00397892946814734
0.00739597507000385
0.00300319314535267
0.00345693650056015
0.0609840128308643
0.0057944293295534
0.00188903288224531
0.00277748323505443
0.00277002680095408
0.0024306468859385
0.00641374424211121
0.0541523669582982
0.00197325510272752
0.0230109996514388
0.00448175390414711
0.0168265651461174
0.00550569217729351
0.00719952099046335
0.00242740403195514
0.0220608256128022
0.00611781700576971
0.0192233727203048
0.00971501604947849
0.00335127827510273
0.0129931017639118
0.00363856344214036
0.00411934487471617
0.00368581636221979
0.104208763893615
0.00882043550630155
0.00815545497921981
0.00249154476169031
0.00968266653934028
0.00679603642506542
0.00526044372373926
0.00541933430898947
0.0112890236910914
0.0527598822215759
0.0243493668157829
0.00945264377015586
0.200906939016994
0.00894294771591013
0.00370445202035395
0.0407176731018462
0.00359416004835971
0.0026265193668809
0.00433146148733983
0.0192149618170225
0.00114413147601371
0.00410105466329407
0.00586054784086033
0.00298680881409506
0.00658069600928017
0.00312102914452263
0.00246138355396225
0.00476464137012802
0.00423735158460542
0.00468960690243269
0.00360770794502299
0.00303851442736284
0.00242292681061991
0.00408584146771961
0.00552997072279887
0.0013994849112691
0.00476223279464208
0.00676233234210131
0.00450893192867238
0.0025448849722837
0.00133222651971063
0
0.00489333458797176
0.00318897327911898
0.00421492730587292
0.00152808465529671
0.00585096961500047
0.00259841076996635
0.00471335684150981
0
0.00193486494094203
0
0.0059399050885799
0.00447914517157725
0.00489969972998554
0.00608389556990532
0.00306353723983425
0.00462293089501608
0.00267957059983926
0.00641021429806762
0.00370303583292378
0.00223143229748164
0.00216680301253362
0.00279534174061769
0.00903682535187218
0.00660730205834861
0.00878224870939281
0.0037523856995352
0.00488785070550559
0.00449913559697063
0.00134334610390285
0.0015815320944134
0.00415129475341614
0
0.00312997905256221
0.00243081259679136
0.00369287205320705
0.00646246127791901
0.040125360332222
0.00434375004579016
0.0055636442505259
0.00283665565812502
0
0.00327511911782048
0.0094610984760805
0.0058284210597679
0.00702918759359748
0.0039772973712344
0.0103926468133062
0.00141296256164891
0.00410532316635292
0.00146344058345594
0.0470732030395291
0.00336956427474947
0.00721628226142509
0.00432700443261773
0.00356483439107039
0.00600881652239974
0.00404110495597362
0.0022995908346106
0.0048235835690139
0.00372388146290734
0.00486152503140529
0.00754431051751519
0.00461869180356917
0.0040434947406306
0.00251684665661924
0.00350199370771016
0.00311133737347939
0.00497776428547408
0.00227749595414768
0.00622401612907919
0.00219641995534122
0.00485561039658195
0.0037445672492345
0.00361705043908468
0.031318216118906
0.00732540042714115
0.0016979350855064
0.0041775478816421
0.00533512506914037
0.00287119078776675
0.00423014558562295
0.00571219419005702
0.00446644257627835
0.00641958244718414
0.0527286523543906
0.00728943628475361
0.00479279512781884
0.00444292446471
0.0023853398767255
0.00280941538864729
0.00666183333225042
0.00451492586279804
0.003055229556882
0.00663856139961488
0.00388533445464108
0.00507215691921698
0.00528585616496001
0.00185755404614547
0.00672212770155407
0.00539082234692155
0.00770356112878433
0.177563912679082
0.00332428757298165
0.00220352916039636
0.00542735573333891
0.0065987278588123
0.00394434049299001
0.00523904332417079
0.00405915208384015
0.00565641409082071
0.00752613503175042
0.0043029151986371
0.00480952644860021
0.00336300562507289
0.00444237151919526
0.0054655626406269
0.0333642864642215
0.00305056264910285
0.00329834272049998
0.00267924763752712
0.00478688939272019
0.00389382864359996
0.00265535820629687
0.00176704478699027
0.00439165956481931
0.00629673721996769
0.0032437119483883
0.00986788414583133
0.00375272918303746
0.004690864760648
0.00345576637388892
0.0119236295554108
0.00204698631063662
0.018234637155648
0.0038990718997245
0.00784975327559316
0.00209023570641671
0.00230897529378654
0.198833125054101
0.00356867633633832
0.00621026789973758
0.00430230511479414
0.00375064224976178
0.00350958636271392
0.0036148652454192
0.00331919928232
0.00890402950643146
0.0093865216833714
0.00345602995887438
0.00378277937439417
0.00503947518947529
0.00510016771403819
0.00209637378206823
0.0081745412787194
0.0145730132574508
0.00633590400545264
0.00534156788154261
0.00962215123581826
0.00477782802892543
0.00375537192213024
0.00383027454252424
0.00297232125701875
0.00333859435997793
0.00249899075491304
0.00403347898337936
0.0546394893406284
0
0.00352688607088198
0.0065001040727729
0.00241880544277663
0.00421579716932848
0.00705570626959953
0.0026393422563905
0.0097295372965754
0.00617503462892847
0.0027197331398216
0.00434824009507231
0.0188548830139515
0.00215506693906449
0.00357132580226763
0.000567893673129555
0.00272580508305268
0.00224733500089385
0.00221745617010666
0.00266963529712647
0.00239734240759203
0.00339733203695768
0.0275896040141743
0.00494203410015539
0.00281144423825712
0.00453476261891127
0.00337400999278832
0.00384776055772659
0.00437419483727737
0.00427884077987401
0.00469870524836582
0.00245442382828904
0.00829232324994586
0.0284051019074472
0.0515234257052037
0.0029065427342833
0.012031126114176
0.00379399463407098
0.00727998935691049
0.00152741142240764
0.00815728055972504
0.00183123710667587
0.013590603539792
0.00652886281221848
0.00453475161255174
0.0033001246449426
0.00383321121386711
0.0115841898601813
0.00223150754679025
0.00194239483458784
0.00118128994333689
0.0392891802667388
0.00672225043426966
0.0066859325402885
0.00339070079886807
0.00634537988388596
0.00521487687290568
0.0493669380729735
0.00339706712295635
0.00524691904811925
0.00624225027581214
0.00611765597268371
0.00358949569640496
0.0493087571979274
0.00354473418340078
0.0037053162440734
0.00521660887140759
0.00188893878435003
0.00442264709334435
0.0152130532204023
0.00260980901530851
0.00510577642788398
0.00293022106241752
0.00313030188686859
0.0632767382238101
0.00523903695820093
0.00389050745162939
0.0011932295989679
0.00379976850857538
0.00200542690618044
0.00318554383021306
0.00351286154925134
0.00224009774721431
0.0412367322565331
0.00386644374928508
0.00252674943120338
0.00334473300664473
0.00446781045460997
0.00629008600788124
0.0103313826326986
0.00569006929830153
0.00763362976822046
0.00141991374044423
0.0349588241587084
0.00393104469598303
0.0101008798476273
0.0316400929827015
0.00561942563988656
0
0.00298446304629988
0.00493530398857583
0.00327915414919063
0.00747821067077779
0.00171103909082059
0.0383314645713358
0.00734254680353225
0.0285631456750269
0.00334310264005056
0.00354414763556665
0.00981647699175874
0.00198473967857682
0.00281415836473957
0.00212672515579887
0.0236129061332875
0.00728382879089095
0.00933329019598997
0.00267413330462117
0.00668038956782611
0.00755737620147697
0.0035190345228322
0.00196333718568859
0.00466940615929949
0.0126211029162223
0.0608044660597718
0.00704656698163546
0.162914906697301
0.006905343740842
0.00395200324689048
0.00530218171994037
0.00199585378932133
0.0163098083364715
0.00736823792032826
0.00184640501025885
0.00361707788579838
0.00290707417711622
0.00255508964663975
0.0045227667247629
0.0027370183632861
0.00471215499419206
0.00239686951606318
0.00245892512143483
0.00525286648821246
0.00329921635283173
0.00250953998091153
0.00309198216359316
0.00295401065323447
0.00210492657227271
0.00296888447024091
0.00313645009785526
0.00389477810385188
0.00391943732288354
0.00208610612087987
0.00111338512825505
0.00412622913957311
0.0782094664139372
0.00198168149838956
0.00741886873108124
0.00486118353153421
0.00799901563769345
0.0256724003852756
0.00559312163962853
0.00642471750095503
0.00417944864444031
0.00333557233213349
0.00236316090131111
0.00410746107205541
0.00679167468971663
0.0310905370572512
0.00265113169088594
0.00332197205182058
0.00867669404646988
0.00319219681144168
0.00402242640077758
0.00439947646156354
0.00819825813197517
0.00772147392459185
0.00634446758803788
0.00450232741082692
0.0052857202160306
0.00481390421927386
0.00229990964888911
0.00233419730648149
0.00349070907776413
0.00340720952993807
0.00180953006645188
0.00255729649971129
0.0549128555556388
0.00430720165435926
0.00462498304298959
0.00299266930596209
0.00496220399710698
0.00376569868692985
0.00546754207545828
0.00371612177084318
0.00253054473947007
0.00540692103586761
0.00303490541871272
0.0205872056880708
0.00169699665332286
0.001961860095765
0.00223733437817802
0.00244775707209806
0.00150401704839868
0.0031533612088497
0.00329598754211437
0.00765382749714675
0.00308260799040694
0.00511068200392414
0.00246405067156649
0.00211498668264424
0.00233570202997166
0.00218242648846176
0.00287490894838281
0.00344574534419604
0.0352816952262285
0.00680317229660684
0.00922951154378715
0.00244257306518066
0.00504815358574716
0.034362257437382
0.00190284928068239
0.0037703357549847
0.00221738889430996
0.00980427587285044
0.0661409629349435
0.00224832387052515
0.00369856787083304
0.00617404330302693
0.0489091953084677
0.00390761125643499
0.0075498446528789
0.00277958916874315
0.00510880817529108
0.0015253752242972
0.00593319725242943
0.011297776571446
0.00571671396629979
0.00352708350767864
0.00556273678481744
0.00332516892565176
0.00170241694982849
0.00233346983472953
0.00542497195465241
0.00437825089609095
0.00328047437635106
0.0105212765021019
0.228091679448285
0.00494970546156103
0.0027917301067166
0.00318920029962091
0.00152439789312916
0.00422558342945994
0.00736451536085124
0.00509562346955118
0.00295221372450766
0.0103079290136528
0.00293858190743701
0.00192277949358185
0.00132350534343661
0.00371674690911169
0.0034334991388138
0.00276082931114583
0.00262824765759217
0.00284226602452456
0.00249719468033794
0.00221259078310264
0.00270983015545152
0.0024256933026142
0.00298236751350198
0.00536524125201159
0.00309390868370329
0.00338385902537523
0.00410495998955063
0.0390612846738546
0.00324786898738538
0.0068846208066285
0.00495880329610717
0.00675969113928225
0
0.00213202633105214
0.00295400966049914
0.00449282876435126
0.0092682871466004
0.00416897389194214
0.00265457079780406
0.00269114342917282
0.00336031487268992
0.00259781166148878
0.00342889707504177
0.00255578890598209
0.00427483741291211
0.00202860820607287
0.00279977083048389
0.0264508025522873
0.00457787282187645
0.00554710407470477
0.00368098859678438
0.00362000389848541
0.00235071243804813
0.0016121564840473
0.00414449129581296
0.00348589902370332
0.00310884210869602
0.00149478742612595
0.00470036213407658
0.123225700805623
0.00392714319245618
0.00234230000496009
0.00177571768317807
0.0022181913256573
0.00176874330646177
0.00612405112981012
0.00443578920628415
0.00694541395550602
0.00485185762785642
0.00471599820401433
0.00317015940695715
0.00308721116785928
0.00565082632210252
0.00503177445799042
0.018016093974695
0.00525665536194512
0.00453779662178936
0.00393704816064342
0.00557845582280632
0.0033511702067719
0.00333370734186237
0.0476292636358037
0.00270708407755728
0.00503537193028152
0.00518456411033897
0.00407328553421614
0.00275780567916266
0.00501974659897676
0.0199099383340139
0.00293800457353094
0.0187033959679418
0.00466749533305634
0.00815940846850106
0.00265299414658267
0.00892802989914524
0.00382534864369248
0.0367720354111954
0.00899530169903049
0.0027820537760905
0.00490977855955126
0.00290391895304324
0.00585215726617429
0.00484499636775363
0.004020620562161
0.00305401469249385
0.0126731428671086
0.0108377543241968
0.0115725991600786
0.00523087294061377
0.00497238576124503
0.00888204721361417
0.00473034075705025
0.00324155703633813
0.00490141869317762
0.0114863258223646
0.00183990343588484
0.00434031213869991
0.048621271053279
0.0060217722051638
0.00477715861410645
0.00370514171398782
0.00388304514330522
0.00501571945061095
0.00583877486491065
0.00319917106081602
0.00523416667274783
0.00152428974758908
0.00383440172660235
0.00413010236329154
0.00499397678133812
0.0027722717975647
0.00286650827040154
0.00582561224651424
0.00822065006809525
0.00672381353664894
0.00262205576412515
0.00430107614570118
0.00162475453833686
0.0555176061382714
0.00332119077855852
0.00327631909700256
0.00191111080792358
0.0444131543588233
0.00404050722948104
0.00488514297310788
0.052471957521324
0.0046727471804462
0.0320869655355925
0.00325011162108348
0.00442942868914023
0.00247337280986752
0.00855811819745406
0.00301390208124738
0.00634998687505214
0.00437870231956039
0.00504704439794868
0.00564177896286096
0.00487851686358913
0.0123406062169423
0.00332377620813987
0.00477032954447153
0.00385755847642815
0.0105443148643352
0.00591772229732154
0.00506681258848997
0.00271531877066485
0.00806539384556127
0.00424983755729243
0.00484050250507664
0.00284718481068412
0.00239415572087533
0.00510467780625334
0.00354638049278859
0.00491126913087535
0.0417355241590338
0.00225398294098665
0.00386707820616812
0.0050660689379973
0.00398901576166421
0.00695366413594852
0.0111786035093471
0.00584028367624475
0.00494427072453463
0.00395031895116653
0.00133026543021649
0.00197613068687574
0.00180063398838057
0.00358207106691212
0.00405756190804223
0.0241681654600845
0.00338312437336042
0.00534570671032605
0.00962056187335957
0.00397069648507406
0.00313969339565465
0.00466203330777471
0.00229331079614632
0.00321516866505619
0.00772389129547404
0.00444839892179474
0.00823282865420887
0.00651812231814803
0.00559551094123501
0.0351477106105074
0.00414388046642175
0.00427641573322545
0.00248256527451756
0.00903390375879865
0.0376010319556816
0.00302365215176071
0.00549888683023854
0.0306628874555847
0.00254924750081626
0.00372842339363092
0.00844273780535669
0.00302742693086045
0.0029671475371767
0.00210824871680192
0.00723157118040799
0.00806541966527733
0.0058048448503407
0.0459015526944678
0.00888183917547378
0.00480647861468387
0.00212335592363561
0.00296139146458004
0.00473147061762235
0.00849162238972598
0.00381669168601689
0.00738007957397807
0.191926898251259
0.00569207499713852
0.00329797909740495
0.00355802157166317
0.00317411704464247
0.00306842100360524
0.0120139151328404
0.00387893555819147
0.00117821403641263
0.00201015389761496
0.00194113112347959
0.000943148525562998
0.00252326574005763
0.00136603221477709
0.00377846496720694
0.00131952606665639
0.00896544442940314
0.00500198414421789
0.00620378001280426
0.00267535111491384
0.00111508322811178
0.00700496222846345
0.0037188084435645
0.000920890034776603
0.00339920690617237
0.00366276879227252
0.00213131492553417
0.00261354438124668
0
0.00103416311118903
0.00421900623411505
0.00188890585233462
0.00287143511461318
0.00186594837534619
0.00269572608600632
0.00192508018791806
0.00210060888135209
0.00169446030107002
0.00241391958534598
0.00420858965672981
0.00160434223729288
0.00187857136956836
0.00192277070918087
0.00809004124977947
0.00321900899633572
0.00493828716470175
0.00230404800740986
0.00323316577968234
0.00211888888006865
0.00261973497820994
0.00443365845263059
0.00357887763235198
0.00628075105242779
0.00226323579246674
0.00528378749265894
0.0496388504004986
0.00982480905733847
0.0022155960711497
0.00466086141993691
0.001810317234931
0.00165088356294703
0.00842042151871862
0.0031541953427577
0.00548006089366295
0.00192768472359976
0.00364952735047858
0.0363885565819542
0.00152630703600401
0.00212802353272741
0.0026921614050119
0.00362971096941034
0.00487416593987394
0.00363622284118944
0.00335336049691436
0.00180369911887029
0.00318925521254672
0.00296622811583637
0.00209004524797428
0.00311546280560781
0.00423917207356585
0.01810922909367
0.00316994310519778
0.00775766145983658
0.00407565313860744
0.00357403629907146
0.00227522771959493
0.0103299042283592
0.00335626716501674
0.00366242829699809
0.0027447356625974
0.00139594850988428
0.0035002303647762
0.0026085655744867
0.00518993747742482
0.00269502302477635
0.00372052852229339
0.00270234685565692
0.0116944970515782
0.0045418540408754
0.00733952904230673
0.00194711360086054
0.00486504183368006
0.00399759881829241
0.00333254963795072
0.00428096216537317
0.00284044600789503
0.0650490055265397
0.00248897785346052
0.00489439270931532
0.0420574671906112
0.00256987769279418
0.00232707682179021
0.00174123368573889
0.00296052350002082
0.00318028560343669
0.00567913068398663
0.00432564549422601
0.00237994924010269
0.00199851750290685
0.00352586759962252
0.00166599842877471
0.00401588549409512
0.00143009425758929
0.00166423073667716
0.00289167912190373
0.00447466666386515
0.00165174257192025
0.00288278613465081
0.00287327030470386
0.00146721491241307
0.00338049040769868
0.00367080499873977
0.00168181937878693
0.00247453554476705
0.00786912894547583
0
0.00192765040790496
0.00254847186708517
0.00161558284573173
0.00640041960625011
0.00188701585951626
0.00138611823956907
0.00293033039361365
0.00347707136595233
0.00100007497254979
0.000928017409323504
0.00570639267829967
0.00186238390032895
0.00151549058224575
0.00100955842776483
0.00814651400769042
0.00851102590866394
0.00457892737188926
0.00311137385021105
0.00746616661627048
0.000961570270788216
0.00207411394575363
0.000904030249036555
0.00397480209049609
0.00242487760323523
0.00341185722017695
0.00488866546004464
0.0500706651649813
0.00297597803461335
0.00171434527305588
0.00264995815125836
0.00152904758556368
0.00178558531032285
0.00143078814940809
0.00183247782402586
0.00229160112887438
0.00228106492054758
0.00488735820155293
0.00281877983306638
0.00289506290670351
0.00290214288041412
0.00272880047209185
0.00185244761827746
0.00219840054089804
0.00283931467144242
0.00268998409373822
0.00355101098817714
0.00185484218209656
0.0025924934256297
0.00863709935653379
0.00332646025717725
0.00595845647012669
0.0236991557932958
0.0127261223020389
0.00457876298013335
0.00220555792487793
0.00471920300662951
0.00218170417529156
0.00379256602027466
0.0031446278587004
0.00324331380913697
0.00213391516662889
0.00374842260878939
0.00768422689787478
0.00176470732040266
0.00408250698279586
0.00362368594492999
0.0102032317759178
0.00618592132338525
0.00431324573864721
0.00350426944493057
0.00888905445089988
0.00408697518139559
0.00377219965076711
0.00429610358984302
0.00729670704698066
0.00799928014178256
0.00316366755813904
0.00415177065932515
0.0569920479345849
0.00739225870479887
0.00211653016172334
0.00324699990747014
0.00452718226260568
0.00590790324108527
0.00849924653008498
0.00299541892947836
0.00352753888338329
0.00359774947379397
0.00364545237496567
0.00204678753265688
0.00240110627893643
0.00591218717896967
0.00477156151048941
0.0012488326138728
0.00290649974598432
0.00187085108920898
0.00496638074542593
0.00286410299809807
0.00235697828958407
0.00418296461065581
0.00546019414330202
0.00678092736810746
0.00823124554557377
0.00373063015156432
0.00339250358219494
0.00208072418317145
0.00535335270743979
0.00413174733510437
0.0202313621342544
0.00514000470533747
0.00277097033100657
0.00133911925616663
0.00505309093248528
0.00517158429914472
0.00290371758682867
0.00165933208465066
0.00263632515628086
0.0187878154302153
0.00817106485030582
0.00631397487211872
0.0032157893798072
0.00620151781377119
0.00404280837367255
0.00196985011063937
0.00404241806562928
0.00406473728011277
0.00509325193932973
0.00422198279378215
0.00806351275674663
0.0405639192422175
0.00386221518050973
0.00346930109758962
0.00183144556996741
0.00235665038497332
0.00255692277434983
0.00554372633810204
0.00415622025104491
0.00379810876485795
0.00679413122419585
0.00951614652515396
0.00998080266659301
0.00381272744829807
0.00421168797968495
0.0409381391721802
0.00318599547035821
0.00166867812314313
0.00410295009652477
0.00453533967931784
0.0045638987249741
0.00694708841331752
0.00203941115259569
0.00613268542759477
0.026002508348473
0.00394900419693769
0.00679539953734879
0.00360510085098848
0.00776608791190293
0.00349428018524411
0.00450132632456133
0.00267342619515797
0.00460527819151996
0.00521366589692466
0.00253593286679246
0.00742157642087811
0.00268568100239993
0.00280336465226564
0.00249104581970166
0.0143395676170379
0.00757876148565385
0.00457316862775194
0.00315674541912237
0.00765534972434565
0.00390781862891181
0.0023988867502462
0.0022216921743557
0.00415586021910366
0.00438290188845603
0.00523332956376088
0.00637655936638656
0.0471612747938922
0.006763201797825
0.00435212289832214
0.00605791406276137
0.00250847615655413
0.00536430705432038
0.00990458029156368
0.00403458672532062
0.0540170450013303
0.0033341864434222
0.00821057652261765
0.00719162651238629
0.00251215099727469
0.00487764908948579
0.0047842607708084
0.00527772093146444
0.00381240226269099
0.00351032625941716
0.0403334566947692
0.00694077287842057
0.0365948757214943
0.00818581724228792
0.0296599723291767
0.00225680619098806
0.00494191839651361
0.00214109555732443
0.00677636923959492
0.00220032782610024
0.0439657105034876
0.00548304061828312
0.0057931856504044
0.0236438526567316
0.00181885700578467
0.00462352445641387
0.00180097310844414
0.00437188310159821
0.00346665061827693
0.0609308895695507
0.0111079449124362
0.00795508676963587
0.00408847552105448
0.0120499141502675
0.00491327829546982
0.00299455062632214
0
0.00693130871666404
0.0877393681758685
0.00787666275128697
0.00776693798621262
0.139944595586265
0.00677996930454394
0.00398195358902274
0.00536246642225001
0.00181705953574325
0.00379156195636388
0.00397403440460736
0.0048893550968837
0.00625269780077318
0.0073840726719463
0.00225438617489735
0.00218982896821799
0.0319490928414526
0.00391129051709591
0.00476778171750707
0.0042862382282315
0.00365637888970573
0.00558886385180752
0.00841165296593388
0.00441267929384643
0.00643553643362658
0.0217816824907547
0.0390284487361115
0.00536022456323307
0.00377854116103307
0.00883625883812431
0.00600682109749094
0.0305770850594665
0.00636003665761381
0.061988123642805
0.00722770979716838
0.00239036909973918
0.00472570492706729
0.00222741929415279
0.0428801401529077
0.00401257878552388
0.0243736133566398
0.00973068733584495
0.00433623429643023
0.00481008851174809
0.00444833120817679
0.00410965091778289
0.00498750667112822
0.0041711181684063
0.00478519092573589
0.00785536209102424
0.00159799615574439
0.0235734656253908
0.0542284870919401
0.00808454551382947
0.00500071497035991
0.00494391426886202
0.00418738126745355
0.00449777127749795
0.00382380397935696
0.00810653597325472
0.0064927551428088
0.00377875036071526
0.00208370559592575
0.0347567483788095
0.00334935564288941
0.00430291840319334
0.00289857663970703
0.00700096350713273
0.00360278104621732
0.00757597553973282
0.00894402092768072
0.00560917157435795
0
0.00579180997183908
0.00374485423284111
0.00322586444366987
0.0120403715047726
0.00256685763599498
0.0343243345078317
0.00137627699230155
0.00590110203498224
0.0035017241289471
0.000993999238581768
0.00364700759288553
0.00218955808215291
0.00577345238900618
0.00412052461940204
0.0216653928946127
0.0115422872684253
0.00471221473280938
0.005924801223253
0.0101861789471795
0.00464931394832736
0.00610914179632728
0.006755883150924
0.00640026668356071
0.00443627202829251
0.00311039619688776
0.00250769269114457
0.169503046387611
0.0053434117693689
0.00419258838704461
0.00549992289859635
0.00473464383466307
0.0022467025250871
0.00386997098740957
0.00630613804112302
0.00321481760464284
0.00795261364064629
0.00722418334524943
0.00824048006813318
0.00461954515599834
0.00431117977531655
0.00485818032804963
0.00487399190455766
0.00424451414157035
0.00734690807455662
0.00437615015513369
0
0.00289436172617996
0.00527580134855452
0.00369248173523438
0.00251673824925565
0.00666192241691323
0.00564832232713661
0.00480378841278422
0.00321545802820494
0.00883676792184533
0.00907631297164928
0.00327616787373848
0.00230238282786279
0.006825138889666
0.0044442312193597
0.0068488347259733
0.00280207239496416
0.00447845865243607
0.0046682055093384
0.0026631533953866
0.00428590912256339
0.00289030790323312
0.00796983582695517
0.00577361631101825
0.00444868228642009
0.00502827388921649
0.00680798286475669
0.0425413281871177
0.00364931487738414
0.00445220699682911
0.00819816438354551
0.00330900684915431
0.00398423452936849
0.00791098422738353
0.00387319243230895
0.00191521158639031
0.00567682638708381
0.00114128048860814
0.00173409630975542
0.0081938446417901
0.00430383115135028
0.00622807144598944
0.00335052914795881
0.00256811210267966
0.00531012800614382
0.0327286982199438
0.00274608702245061
0.00269561463089642
0.00517146933874462
0.00518517367734097
0.00294339744741694
0.00489385859747321
0.0008329454738893
0.00421070392593668
0.0032527770926415
0.00225258087858931
0.00417568255655468
0.00400509668018781
0.00283645070305113
0.00304407017431889
0.0106831718248454
0.00200217266394785
0.00379998821546759
0.00537929380239489
0.010769333399772
0.00409211674410562
0.00342291355151246
0.00526655589558534
0.00744865754317422
0.00433841919428811
0.00777284855308561
0.00424497438038753
0.0355942201092069
0.00558885048564854
0.00330092026776179
0.00277624822969901
0.0012352396184488
0.00302564163200819
0.00379687401617608
0.00111674259528664
0.00346652471317889
0.00111717185813157
0.00256327114012805
0.00423802381474001
0
0.00189498797830462
0.00458635792471987
0.00193515394236565
0.00216270628370142
0
0.00450755877659271
0.0021418893959972
0.000821124314660408
0.00781599596269932
0.00118782693008706
0.00474648371001191
0.00520689178921279
0.00205424034080032
0.00344685950993717
0
0.00309473628083247
0.00102586083940788
0.00714197355319046
0.00349391010395201
0.00438975232921612
0.00573080583917747
0.00769914808432671
0.000975323346234033
0.00303512371997362
0.00235489246103388
0.00375867683696536
0.00291223103452764
0.00453519653523532
0.00325322882536762
0.00565813113251886
0.000611595382162144
0.0485100861887602
0.00704395377351527
0.00371223853588888
0.0019108352534201
0.00297466835329311
0.0039259367259146
0
0.00167496836851304
0.00299031488984187
0.00293615131648146
0.00293957414296209
0.00393651978595584
0.00399746027744224
0.00850851413017736
0.0348481038993625
0.00223527307544345
0.0132767794556901
0.00299182676359691
0.00412535050343971
0.00229654271306814
0.00955189372912697
0.00238622643184721
0.00314416128432472
0.00282185568116352
0.0345426981175667
0.00401605331054096
0.00219258906402129
0.0059179036049022
0.00180734087906013
0.00326875969080803
0.00166376330036711
0.017071211307311
0.00658663055775187
0.00826856229811433
0.00362078780813134
0.0113498679370079
0.00815541702191803
0.00222664891071576
0.00736642402544806
0.00738147347375674
0.0124726461730046
0.00813363360645831
0.00551139872020558
0.059220139722655
0.00263936983240058
0.00318857859213359
0.0039589386074345
0.00327983750489843
0.00342369309863697
0.00293861767290337
0.00261641157722112
0.00428413348515554
0.00136349276939115
0.00281042064341097
0.00295504570757838
0.00375506069108664
0.00282644698719933
0.00505180178988332
0.0231194074688916
0.00260678756780648
0.00276234356701337
0.00307007977486248
0.00198008627732358
0.00478824470934711
0.00170408878781494
0.00161252004638994
0.00346441205279244
0.00326237355683925
0.0021122000147917
0.00616019332087292
0.00458783811112622
0.00552402914716244
0.00451594499860432
0.00473134301706832
0.00827869421319184
0.0139885452716433
0.0028247209381477
0.00653581137142761
0.00783336928179094
0.00451754637257707
0.00105529824404557
0.00230243203273381
0.0061926832430653
0.00343112054012676
0.00256458419339091
0.0469285958259599
0.0060137806328156
0.00755158091669259
0.00542838225850425
0.00501232526690875
0.00373433282981542
0.00878358937724796
0.00212023552495221
0.00429349562952463
0.00290524739315007
0.00182514554756799
0.00244316241383748
0.00232936897288044
0.0043709139480795
0
0.00324777478202376
0.00175997227113777
0.0677632581260398
0.00347258464126612
0.00395098779580108
0.00528661446526644
0.00367888542395415
0.00524759944181304
0.00284698575649254
0.00227823393233028
0.00228345853156404
0.00253077866178245
0.00455686242172674
0.00323280780706485
0.00370897490413026
0.0110876157051268
0.00375861059886925
0.00258820284821165
0.00446433202073338
0.00204488559811614
0.00182924834184671
0.00425494391488926
0.00107282799635676
0.0602288295726325
0.00477888010913169
0.0018429267961924
0.0574503281638328
0.0790692583984663
0.0037245231371525
0.00313691649108065
0.00387404351495452
0.00466015138223537
0.00655380589236617
0.00744640170602539
0.00520634346473815
0.00249042092644464
0.00150515957651701
0.00321511710688766
0.00229662458105973
0.0187450358827535
0.00225807016910562
0.00381460036486317
0.00601225345007704
0.003106345192747
0.003094491797927
0.00294006134718707
0.00169527486295438
0.00268481248794432
0.00351959168056116
0.00244223088980537
0.00359335866902794
0.00361243763440805
0.00600269980775084
0.00223852483642872
0.00240015610584818
0.00584725691986288
0.00602283611784341
0.00513189928265718
0.00292789780404638
0.0025560826087205
0.00183077063279567
0.00403172382211641
0.00481522357615203
0.00202159364579003
0.00376686721318998
0.00254014397359024
0.0275904759592515
0.00615570901960754
0.0019478060666581
0.0015860690124817
0.00312566993423985
0.00272240002458076
0.00518766363245349
0.00263512295381178
0.00577479632679145
0.00338896573279336
0.0033104915729849
0.00583374425205834
0
0.00421147995191911
0.00184364030277603
0.00135422353603754
0.00627028973517472
0.00144931826061368
0.00249311738312879
0.00891855875705541
0.00651631612377335
0.0034460770459772
0.00602764415439029
0.00740962473067819
0.00943289918372806
0.00511986502795444
0.00487185942796679
0.0825124041759294
0.0123066552287175
0.00684705994254603
0.00345746420202682
0.00356970606744291
0.00627596138698994
0.00300589645500399
0.00117848810957913
0.00374139334133076
0.00621056326217858
0.00698477275781779
0.00511074703725766
0.030871985618525
0.00267836036083443
0.00366377242734017
0.00333933434533769
0.00852062025637427
0.00362580061032025
0.0063155190822137
0.00233517544261032
0.00275506669893251
0.00617131951268933
0.00120068648660143
0.0303886963528813
0.00461173100502067
0.00376999744625292
0.00277284792614009
0.0132243968371899
0.00143218612923024
0.00591403460762153
0.00999409865622347
0.00434478390734394
0.00359349571223419
0.00214783625258857
0.00454347866697741
0.00322955732697291
0.00605413989780919
0.00159456398101147
0.00862660937672976
0.00691101267048328
0.00907023814570907
0.00222507910030939
0.00740587306176696
0.00397891429596502
0.00452418252073865
0.00263493589192383
0.00922748740955164
0.0119102816781742
0.00277218582999342
0.00557308584658116
0.0398473189420736
0.00324338656061792
0.00365010454831348
0.00304533383093689
0.00425147395630647
0.00439369481694516
0.00176640105274837
0.00257769086650097
0.0079427058428937
0.007038168962687
0.0221981948380051
0.0457126481199353
0.00406474156856212
0.00345004643661268
0.00667692894977217
0.00413025311299715
0.0308421619945298
0.00631903672284382
0.00702305973647428
0.0666600128721806
0.00520604402609862
0.00595999092128387
0.00572050343245416
0.0317954648923812
0.00335038631698628
0.009593821517311
0.00300621536966566
0.00596173576019228
0.0030768416832741
0.0111345598132908
0.00404401978555108
0.00286262474002534
0.00510506499498383
0.00271327970106806
0.00197276045581454
0.00654976236556382
0.00981734920545876
0.0466754182251364
0.00427357703443248
0.00357088039248132
0.00613876323239341
0.00517544612387952
0.00378813546484859
0.0106837861152324
0.00330352153787624
0.00270937060589677
0.0109634339140785
0.006441916499993
0.00288455166925466
0.00249341470282644
0.0122232762687205
0.00366410245242404
0.00616765234320017
0.00282707799555222
0.130081826830922
0.0342818947089295
0.00527083899838396
0.0100621042380944
0.00555767736161969
0.00830804998593986
0.00239761486525004
0.0134166267197572
0.00144280372002341
0.00789945851661208
0.00397394826900727
0.00523614705097352
0.00263761895432366
0.00350256409903752
0.00524455911131327
0.00379850527714627
0.0134582182909599
0.0280899725375259
0.00626471403185272
0.153721160342188
0.0072160720766968
0.0044183051972588
0.00508524734493149
0.00180159360943359
0.0220471134930893
0.00837221255455629
0.00987678488198642
0
0.0016622865428372
0.0121790285046804
0.00148982069453371
0.00658390231617561
0.00571147138513674
0.00391506672227208
0.0054359515822207
0.0085119923213969
0.0162204470353951
0.0026300471407883
0.00950177796448271
0.00365087203551587
0.00470207301071706
0.00427894320393617
0.00440773150089709
0.00454540062376704
0.00383489654693618
0.00333421144022278
0.00846343165626306
0.0332526502428628
0.00629304524528677
0.00310051217628324
0.00562117553619028
0.00757762915096336
0.00214261870927706
0.00789010874045463
0.0512559400564767
0.00312074739747694
0.00395461628248797
0.00547937741642435
0.0138766274171695
0.00446295411569703
0.0050089871682839
0.00379006598862543
0.0214010990497027
0.00590124790622605
0.0149217607148012
0.0269036596462026
0
0.0116166425808267
0.0121122099683212
0.0352439641715381
0
0
0.0133663393512318
0
0.0456275009414161
0.0409480689475578
0.0207126693330898
0.0134084680392372
0.0144672159367374
0.0210388688616213
0.00284384117363529
0.0378381069171922
0
0.00919765991187269
0
0.00390885272683255
0.021481898808444
0
0.0964468452206463
0
0.0284895308432411
0.0233943626058928
0
0.0217765249445185
0
0.00902349116882768
0.00272917865131281
0.00386406080580909
0.00827164096842231
0.00416203261066531
0.0121305315399369
0.00414028741830659
0.00316199444386236
0.00429187995320795
0.00389722368337894
0.00558078849423731
0.00453117691166048
0.042752716462168
0.00266117531253936
0.020463403285279
0.00402095190147365
0.00437722817360786
0.00208806669822478
0.00700577879924646
0.00270957055456108
0.00199534858342745
0.00418624345464255
0.00412972031089578
0.00589097291800044
0.00373493213615493
0.00234705868889821
0.0526573418701229
0.00596023296587001
0.00394018972619054
0.00521785797296952
0.00238258091424962
0.00215040949639931
0.0065902922909528
0.00445462862027413
0.00188923771006807
0.00451705081654574
0.00339017819948946
0.0037121420904336
0.00294218934893996
0.00199602137039813
0.00294150260229552
0.00247896173580135
0.00259553816751868
0.00682498943475349
0.00319985419733945
0.00248723283959894
0.00986022559026416
0.00608577019303261
0.0063191349469922
0.00307463345838296
0.00327977070392831
0.00249984909431193
0.00296032509785399
0.00550625485086108
0.00203220687484191
0.081995972754624
0.00279253534392854
0.00416649724245791
0.04497535486736
0.00386597118228018
0.00326527925588384
0.00213629150993039
0.00586017311922131
0.00247510739433263
0.00502078491206935
0.0046635278534802
0.00769548613025321
0.00207346296904753
0.00182189999884396
0.00364554946630296
0.00431255588246613
0.00423763290625672
0.00431879175586838
0.00616793582895566
0.00253153744525613
0.00230983301645327
0.00150182217234279
0.00876893182651165
0.00470568628669705
0.00401266998931375
0.00341609384819186
0.00485498624230738
0.00480957220217452
0.00282534173562377
0.00489442378350529
0.0026062185038022
0.0108767188871783
0.0252820820088742
0.00299268024088336
0.055499912790547
0.00363706120731154
0.00283392488311784
0.00576908091571684
0.00214194391091394
0.00158585136533744
0.00650010707191175
0.00399077029653207
0.00605303189194457
0.00906143198018513
0.00482389187399682
0.0131847813777992
0.00941516374189317
0.00645566216967293
0.00796323959924716
0.00597733479318671
0.00736121339281189
0.0139706498324334
0.0099578423043136
0.00491872423138932
0.0042478324129898
0.0040463971288049
0.00652391647371462
0.00469858082054079
0.0023625995312227
0.00542605388499162
0.0043963357445248
0.00433134473787089
0.00875247243652506
0.0116151120266325
0.142783801616406
0.00985106046858248
0.00536220835989903
0.00771669878542887
0.0124029479510303
0.00590589099915096
0.0125941649474378
0.00524369270186733
0.00466300256509206
0.00559285909906069
0.00345939215200477
0.00285338171024202
0.00279419162584858
0.00272300152108096
0.002469309535432
0.00331690380077836
0.00249236470519688
0.0059011007492216
0.00264865954648367
0.0049009224043967
0.00364848269302953
0.00679958604444307
0.00287626550012387
0.00428737062458399
0
0.00243619189014867
0.00594610322084851
0.00502238297256444
0.00402853644443329
0.21510509182816
0.00422744489447593
0.00249238812281722
0.00586511094577455
0.00269347718044331
0.00153964137056937
0.00413034560918116
0.00394145315626461
0.00658133874874809
0.00482641817750891
0.00357612862958266
0.00235782942808234
0.00728849428358877
0.00280017064316788
0.00231638808494796
0.00258755606473393
0.0152666431626373
0.00579472148460139
0.0232552392645175
0.00358201639329511
0.0962658714497088
0.00597694139461251
0.00244194440663762
0.00494403343146114
0.00455636439472343
0.00773375699238041
0.062834644433434
0.0359596664016429
0.0452162965866697
0.00459504737390299
0.00712194161197415
0.00631711060686358
0.00320415018727865
0.00467116912635485
0.00835613233978762
0.00424267990760367
0.00417788137176624
0.0057588944864566
0.00220310122880402
0.00275988105774539
0.00368509865414652
0.00769520624967979
0.0047223719436869
0.00472201000870494
0.00194260175327571
0.00184012198732946
0.00402804223343634
0.00643072224192374
0.00501762350084856
0.00378710259147795
0.00188794155664982
0.00372751053262376
0.00477329401472072
0.00315007788546799
0.00522080385983756
0.0503280684918219
0.00273093341443041
0.00267699562988387
0.00334758901224246
0.00283857560001408
0.00307439628090628
0.00254912639294742
0.00448685324479323
0.00934094652130498
0.002515191532926
0.00726757194484638
0.00357849606625838
0.0251382084460407
0.00280748302791702
0.0133424929031449
0.0143763120952147
0.00381728497086688
0.00290936835886285
0.0120977780926458
0.00415186389052685
0.0025261112092807
0.00359373231104234
0.00434272893798389
0.00880027285583148
0.00398075836418944
0.0133309181336553
0.0594358384151924
0.00198689745677668
0.00234666289129374
0.00913470699905558
0.00361694697737834
0.00327064417572265
0.00888536100458925
0.0028970762589804
0.0059604195672601
0.011104073866348
0.00286693079547137
0.00256286802133071
0.0018496198230922
0.0101576177873212
0.00545648473140429
0.00251199577658117
0.00364556693620655
0.0115546272305224
0.00293069800318132
0.0156991474484188
0.00367376700953838
0.0053561226821668
0.00808674411256095
0.00272022647488176
0.0352519155403112
0.049251722273218
0.00652894653011485
0.00369509863405248
0.0028642953680631
0.0200680223848653
0.00197613239766278
0.00469349274243103
0.00576093757758686
0.0150454773680489
0.00688114254393414
0.00469281555092295
0.00393753426168209
0.00784741812501916
0.0022491908230218
0.00973462817891967
0.00178852849613673
0.00278839171360405
0.0032056121452453
0.00103823895206583
0.00133548148570725
0.00143915844664384
0.00464455503438938
0.0033839621064057
0.00632403949088131
0.0453169325183008
0.00310593122769012
0.00613055441428224
0.00413072597980136
0.00198882479057737
0.00248307873503107
0.00222626944723542
0.00402458921766992
0.00594004637255247
0.00707133138642255
0.00601057662309673
0.00968891304797026
0.0049163393135967
0.00519716953307285
0.00840277608464218
0.00280295458024366
0.00313608368611463
0.00297638481267582
0.00451079204854773
0.00440601209108392
0.00263838248659312
0.008843807747288
0.00483072926154255
0.0599689203807947
0.00675014143820971
0.00493462096227094
0.00388450658294415
0.00727676729734157
0.0121634027112303
0.00608309825204472
0.00442362530893121
0.00385065338376354
0.00571671734276061
0.0113952413579419
0.00458517096627488
0.00691658308933567
0.00281021846841621
0.00512882594411155
0.00382853584610184
0.00283062073463929
0
0.0028863526948521
0.00367842701199542
0.00283734662634376
0.00443256619480364
0.0368618098715035
0.00648683053720121
0.003618032193571
0.0338919705650855
0.0023476045110298
0.00272256166007644
0.00691193031929289
0.00414814296776534
0.00569792407937118
0.00715329352458248
0.00711059547104933
0.0069025205555845
0.0081187234277612
0.00401986736596931
0.00378465488310745
0.0143045632181456
0.00245474618946709
0.00229964258013014
0.00769883193025964
0.0104175886865075
0.0158621926475818
0.194650734515531
0.00669452162513738
0.00997618756796693
0.0533719140923073
0.00160344698346763
0.0169632067342332
0.00648056781894399
0.0058872418597185
0.008661124510582
0.00406272571069052
0.0039634496616272
0.00195430116580269
0.00830750246307291
0.0027987390419948
0.00230028614079643
0.0025217969354326
0.00290803685082152
0.00340702090280412
0.00386749451819904
0.00273581475962563
0.0470422269976822
0.00394664730441059
0.00335959493391107
0.00319068325944279
0.00107535370487721
0.0023990367188245
0.006043921616083
0.00519388208540241
0.0113625396928711
0.00840546152562117
0.00621798091154653
0.00942850625405707
0.00544673783883979
0.0141655827226101
0.00857207135071006
0.00759262065589935
0.00997621180231171
0.0149708809213
0.0122077439725771
0.0406779103052206
0.0075751947360571
0.0137145422886771
0.0101425774689899
0.00797860554783427
0.00971389892037678
0.00545632096626631
0.0102226031071208
0.0067213671590684
0.00437394218458846
0.00438768752462124
0.0102773281892264
0.00483714292605325
0.00479901200981679
0.00575666691826186
0.00593695657145758
0.00293904988489255
0.00818251473472401
0.0354207092401016
0.00872351498229318
0.005945242179608
0.0108184220327367
0.0106953192201778
0.00311950926575756
0.00648493385879972
0.0126813739322938
0.00670071685562718
0.00336711032435131
0.00483372122510687
0.00911298212561584
0.00705673026012678
0.00286317911991735
0.00217313605305214
0.0114283433199811
0.00568184393391963
0.0487489687519774
0.00710059471258257
0.00656139420510832
0.00424782505861672
0.00418434972195059
0.00479959527443311
0
0.00411525283196759
0.00486323043495607
0.00235519647742326
0.00423947350160844
0.00624066165394362
0.00309284355478284
0.00752842940783485
0.00500191593547841
0.00805690000422646
0.0487845190051097
0.00388890754168251
0.00567778988021437
0.00217247641148092
0.002149512474567
0.00451376675771101
0.00577586724277302
0.00224354053728394
0.0122995519903259
0.016913789218419
0.00578697506780705
0.00826012179227682
0.010445644707142
0.0109731647795343
0.00617796321988262
0.0499834360051609
0.00292744536264724
0.00325874848850314
0.00642813646937329
0.00372119755000259
0.0039311335031373
0.00160151303423015
0.00320549359841197
0.00495878021920246
0.00667424939878407
0.00480939461750316
0.00801455173794954
0.00466081743027595
0.00738932803033246
0.0478107943281613
0
0.00357003399042387
0.00283897568589965
0.00369135789313082
0.0043513312591941
0.00398739287440818
0.00324221660516174
0
0.00539152540956973
0.00583861373245854
0.00282114022537967
0.0036096246523432
0.0588915212212558
0.00479154359557763
0.00326499873286777
0.00287040162007827
0.00406846588894966
0.00369759966453049
0
0.00345400244032694
0.00327513523312647
0.00280185814153804
0.00694637407025958
0.00486856833370355
0.0449199150880173
0.00224922994310097
0.00274399444768664
0.00522013949680137
0.00413757611775452
0.00832218397109889
0
0.00283332263543652
0.00563576160638387
0.00399175693583999
0.00680945725166369
0.0475281908682325
0.00223499396976414
0.0044552912502133
0.00228363065891984
0.00425464461421638
0.00276827025060524
0.00615002300390005
0.00343294099861113
0.0149366614156541
0.00481713669966412
0.0362982757876173
0.00285907005339119
0.0063172423532086
0.00633756897621265
0.00464057439411083
0.0101065337983917
0.0170561429127014
0.00649044361304189
0.00480299029952358
0.147468850023728
0.00712783777646093
0.00501218556674433
0.00408072048574447
0.00274026324448812
0.00401467114989644
0.00367870677627015
0.00318907683334775
0.139440149475098
0.00635959652375046
0.00387721788889339
0.00374975708469928
0.00413745144572011
0.00528004079388601
0.00466533288243009
0.00224703107426053
0
0.0475157631191706
0.134765929202333
0.200679634092932
0.0516381841589321
0.0447157240228698
0.0434517594878865
0.00715333796927588
0.00564367588280076
0.00470974746316739
0.00478375287506984
0.00235147604323073
0.00750628724940512
0.00237661000800657
0.00353289639375546
0.00580737759406183
0.00270791895137529
0.00305879817411934
0.00149217109138108
0.0278227653253795
0.0026423306030602
0.00248989203789859
0.00182800816975614
0.00753173646513216
0.00239713092360158
0.0107816955405015
0.00338433017920013
0.00700335239381053
