0.957
0.952
0.947
0.947
0.943
0.941
0.937
0.936
0.935
0.924
0.919
0.917
0.906
0.903
0.900
0.898
0.897
0.896
0.894
0.889
0.888
0.886
0.884
0.883
0.882
0.880
0.880
0.875
0.875
0.873
0.873
0.872
0.864
0.864
0.864
0.861
0.859
0.854
0.851
0.850
0.849
0.848
0.846
0.844
0.844
0.843
0.842
0.841
0.838
0.827
0.826
0.826
0.823
0.820
0.816
0.816
0.812
0.811
0.811
0.811
0.805
0.805
0.802
0.800
0.799
0.796
0.791
0.790
0.783
0.782
0.781
0.774
0.773
0.771
0.765
0.764
0.761
0.757
0.752
0.750
0.748
0.747
0.745
0.743
0.743
0.742
0.742
0.741
0.740
0.732
0.722
0.722
0.719
0.716
0.711
0.699
0.693
0.692
0.685
0.683
0.681
0.674
0.665
0.660
0.658
0.656
0.655
0.654
0.652
0.652
0.648
0.646
0.645
0.645
0.631
0.619
0.615
0.611
0.602
0.599
0.587
0.579
0.575
0.573
0.565
0.556
0.553
0.542
0.541
0.536
0.535
0.534
0.534
0.525
0.515
0.500
0.495
0.492
0.481
0.480
0.477
0.477
0.473
0.463
0.460
0.450
0.405
0.404
0.395
0.394
0.389
0.385
0.384
0.375
0.375
0.375
0.371
0.368
0.363
0.340
0.336
0.323
0.310
0.303
0.246
0.238
0.233
0.229
0.219
0.191
0.188
0.158
0.144
0.142
0.120
0.103
0.100
0.070
0.041
0.041
